utc_time,current_values,hr1_tech_content,secondary_data
2022-08-04 04:34:00.000054,"1,595.50 +29.40    +1.88%
00:33:30 - Real-time Data. Currency in INR ( Disclaimer )
Type:  Equity
Market:  India
ISIN:  INE009A01021
S/N:  INFY","Summary:Strong Buy
Moving Averages:Strong BuyBuy (12)Sell (0)
Technical Indicators:Strong BuyBuy (6)Sell (0)
Pivot PointsAug 04, 2022 04:30AM GMT
Name
S3
S2
S1
Pivot Points
R1
R2
R3
Classic
1574.30
1580.90
1590.65
1597.25
1607.00
1613.60
1623.35
Fibonacci
1580.90
1587.15
1591.00
1597.25
1603.50
1607.35
1613.60
Camarilla
1595.90
1597.40
1598.90
1597.25
1601.90
1603.40
1604.90
Woodie's
1575.88
1581.69
1592.23
1598.04
1608.58
1614.39
1624.93
DeMark's
-
-
1593.95
1598.90
1610.30
-
-
Technical IndicatorsAug 04, 2022 04:30AM GMT
Name
Value
Action
RSI(14)
75.072
Overbought
STOCH(9,6)
59.673
Buy
STOCHRSI(14)
90.076
Overbought
MACD(12,26)
16.300
Buy
ADX(14)
49.071
Buy
Williams %R
-9.133
Overbought
CCI(14)
221.8557
Overbought
ATR(14)
11.0107
High Volatility
Highs/Lows(14)
34.8214
Buy
Ultimate Oscillator
72.183
Overbought
ROC
4.073
Buy
Bull/Bear Power(13)
64.5740
Buy
Buy: 6
Sell: 0
Neutral: 0


Summary:Strong Buy
Moving AveragesAug 04, 2022 04:30AM GMT
Period
Simple
Exponential
MA5
1579.15
Buy
1582.49
Buy
MA10
1567.52
Buy
1570.59
Buy
MA20
1553.78
Buy
1559.84
Buy
MA50
1531.08
Buy
1539.86
Buy
MA100
1514.50
Buy
1519.69
Buy
MA200
1492.36
Buy
1500.72
Buy
Buy: 12
Sell: 0


Summary:Strong Buy","Volume: 2,155,717
Bid/Ask: 1,595.50 / 1,596.15
Day's Range: 1,587.50 - 1,603.85"
2022-08-04 04:36:00.000037,"1,595.55 +29.45    +1.88%
00:35:35 - Real-time Data. Currency in INR ( Disclaimer )
Type:  Equity
Market:  India
ISIN:  INE009A01021
S/N:  INFY","Summary:Strong Buy
Moving Averages:Strong BuyBuy (12)Sell (0)
Technical Indicators:Strong BuyBuy (6)Sell (0)
Pivot PointsAug 04, 2022 04:30AM GMT
Name
S3
S2
S1
Pivot Points
R1
R2
R3
Classic
1574.30
1580.90
1590.65
1597.25
1607.00
1613.60
1623.35
Fibonacci
1580.90
1587.15
1591.00
1597.25
1603.50
1607.35
1613.60
Camarilla
1595.90
1597.40
1598.90
1597.25
1601.90
1603.40
1604.90
Woodie's
1575.88
1581.69
1592.23
1598.04
1608.58
1614.39
1624.93
DeMark's
-
-
1593.95
1598.90
1610.30
-
-
Technical IndicatorsAug 04, 2022 04:30AM GMT
Name
Value
Action
RSI(14)
75.072
Overbought
STOCH(9,6)
59.673
Buy
STOCHRSI(14)
90.076
Overbought
MACD(12,26)
16.300
Buy
ADX(14)
49.071
Buy
Williams %R
-9.133
Overbought
CCI(14)
221.8557
Overbought
ATR(14)
11.0107
High Volatility
Highs/Lows(14)
34.8214
Buy
Ultimate Oscillator
72.183
Overbought
ROC
4.073
Buy
Bull/Bear Power(13)
64.5740
Buy
Buy: 6
Sell: 0
Neutral: 0


Summary:Strong Buy
Moving AveragesAug 04, 2022 04:30AM GMT
Period
Simple
Exponential
MA5
1579.15
Buy
1582.49
Buy
MA10
1567.52
Buy
1570.59
Buy
MA20
1553.78
Buy
1559.84
Buy
MA50
1531.08
Buy
1539.86
Buy
MA100
1514.50
Buy
1519.69
Buy
MA200
1492.36
Buy
1500.72
Buy
Buy: 12
Sell: 0


Summary:Strong Buy","Volume: 2,180,655
Bid/Ask: 1,595.55 / 1,595.75
Day's Range: 1,587.50 - 1,603.85"
2022-08-04 04:38:00.000037,"1,594.90 +28.80    +1.84%
00:37:29 - Real-time Data. Currency in INR ( Disclaimer )
Type:  Equity
Market:  India
ISIN:  INE009A01021
S/N:  INFY","Summary:Strong Buy
Moving Averages:Strong BuyBuy (12)Sell (0)
Technical Indicators:Strong BuyBuy (6)Sell (0)
Pivot PointsAug 04, 2022 04:30AM GMT
Name
S3
S2
S1
Pivot Points
R1
R2
R3
Classic
1574.30
1580.90
1590.65
1597.25
1607.00
1613.60
1623.35
Fibonacci
1580.90
1587.15
1591.00
1597.25
1603.50
1607.35
1613.60
Camarilla
1595.90
1597.40
1598.90
1597.25
1601.90
1603.40
1604.90
Woodie's
1575.88
1581.69
1592.23
1598.04
1608.58
1614.39
1624.93
DeMark's
-
-
1593.95
1598.90
1610.30
-
-
Technical IndicatorsAug 04, 2022 04:30AM GMT
Name
Value
Action
RSI(14)
75.072
Overbought
STOCH(9,6)
59.673
Buy
STOCHRSI(14)
90.076
Overbought
MACD(12,26)
16.300
Buy
ADX(14)
49.071
Buy
Williams %R
-9.133
Overbought
CCI(14)
221.8557
Overbought
ATR(14)
11.0107
High Volatility
Highs/Lows(14)
34.8214
Buy
Ultimate Oscillator
72.183
Overbought
ROC
4.073
Buy
Bull/Bear Power(13)
64.5740
Buy
Buy: 6
Sell: 0
Neutral: 0


Summary:Strong Buy
Moving AveragesAug 04, 2022 04:30AM GMT
Period
Simple
Exponential
MA5
1579.15
Buy
1582.49
Buy
MA10
1567.52
Buy
1570.59
Buy
MA20
1553.78
Buy
1559.84
Buy
MA50
1531.08
Buy
1539.86
Buy
MA100
1514.50
Buy
1519.69
Buy
MA200
1492.36
Buy
1500.72
Buy
Buy: 12
Sell: 0


Summary:Strong Buy","Volume: 2,206,461
Bid/Ask: 1,594.60 / 1,594.90
Day's Range: 1,587.50 - 1,603.85"
2022-08-04 04:40:00.000040,"1,595.25 +29.15    +1.86%
00:38:30 - Real-time Data. Currency in INR ( Disclaimer )
Type:  Equity
Market:  India
ISIN:  INE009A01021
S/N:  INFY","Summary:Strong Buy
Moving Averages:Strong BuyBuy (12)Sell (0)
Technical Indicators:Strong BuyBuy (6)Sell (0)
Pivot PointsAug 04, 2022 04:30AM GMT
Name
S3
S2
S1
Pivot Points
R1
R2
R3
Classic
1574.30
1580.90
1590.65
1597.25
1607.00
1613.60
1623.35
Fibonacci
1580.90
1587.15
1591.00
1597.25
1603.50
1607.35
1613.60
Camarilla
1595.90
1597.40
1598.90
1597.25
1601.90
1603.40
1604.90
Woodie's
1575.88
1581.69
1592.23
1598.04
1608.58
1614.39
1624.93
DeMark's
-
-
1593.95
1598.90
1610.30
-
-
Technical IndicatorsAug 04, 2022 04:30AM GMT
Name
Value
Action
RSI(14)
75.072
Overbought
STOCH(9,6)
59.673
Buy
STOCHRSI(14)
90.076
Overbought
MACD(12,26)
16.300
Buy
ADX(14)
49.071
Buy
Williams %R
-9.133
Overbought
CCI(14)
221.8557
Overbought
ATR(14)
11.0107
High Volatility
Highs/Lows(14)
34.8214
Buy
Ultimate Oscillator
72.183
Overbought
ROC
4.073
Buy
Bull/Bear Power(13)
64.5740
Buy
Buy: 6
Sell: 0
Neutral: 0


Summary:Strong Buy
Moving AveragesAug 04, 2022 04:30AM GMT
Period
Simple
Exponential
MA5
1579.15
Buy
1582.49
Buy
MA10
1567.52
Buy
1570.59
Buy
MA20
1553.78
Buy
1559.84
Buy
MA50
1531.08
Buy
1539.86
Buy
MA100
1514.50
Buy
1519.69
Buy
MA200
1492.36
Buy
1500.72
Buy
Buy: 12
Sell: 0


Summary:Strong Buy","Volume: 2,218,380
Bid/Ask: 1,595.25 / 1,595.40
Day's Range: 1,587.50 - 1,603.85"
2022-08-04 04:42:00.000037,"1,592.80 +26.70    +1.70%
00:41:38 - Real-time Data. Currency in INR ( Disclaimer )
Type:  Equity
Market:  India
ISIN:  INE009A01021
S/N:  INFY","Summary:Strong Buy
Moving Averages:Strong BuyBuy (12)Sell (0)
Technical Indicators:Strong BuyBuy (7)Sell (0)
Pivot PointsAug 04, 2022 04:40AM GMT
Name
S3
S2
S1
Pivot Points
R1
R2
R3
Classic
1574.30
1580.90
1590.65
1597.25
1607.00
1613.60
1623.35
Fibonacci
1580.90
1587.15
1591.00
1597.25
1603.50
1607.35
1613.60
Camarilla
1595.90
1597.40
1598.90
1597.25
1601.90
1603.40
1604.90
Woodie's
1575.88
1581.69
1592.23
1598.04
1608.58
1614.39
1624.93
DeMark's
-
-
1593.95
1598.90
1610.30
-
-
Technical IndicatorsAug 04, 2022 04:40AM GMT
Name
Value
Action
RSI(14)
73.697
Buy
STOCH(9,6)
59.155
Buy
STOCHRSI(14)
85.242
Overbought
MACD(12,26)
16.160
Buy
ADX(14)
49.071
Buy
Williams %R
-11.467
Overbought
CCI(14)
216.3203
Overbought
ATR(14)
11.2000
High Volatility
Highs/Lows(14)
33.0714
Buy
Ultimate Oscillator
71.215
Overbought
ROC
3.959
Buy
Bull/Bear Power(13)
62.4240
Buy
Buy: 7
Sell: 0
Neutral: 0


Summary:Strong Buy
Moving AveragesAug 04, 2022 04:40AM GMT
Period
Simple
Exponential
MA5
1578.80
Buy
1581.90
Buy
MA10
1567.34
Buy
1570.27
Buy
MA20
1553.70
Buy
1559.67
Buy
MA50
1531.04
Buy
1539.79
Buy
MA100
1514.48
Buy
1519.65
Buy
MA200
1492.35
Buy
1500.70
Buy
Buy: 12
Sell: 0


Summary:Strong Buy","Volume: 2,282,909
Bid/Ask: 1,592.80 / 1,593.00
Day's Range: 1,587.50 - 1,603.85"
2022-08-04 04:44:00.000042,"1,595.30 +29.20    +1.86%
00:43:28 - Real-time Data. Currency in INR ( Disclaimer )
Type:  Equity
Market:  India
ISIN:  INE009A01021
S/N:  INFY","Summary:Strong Buy
Moving Averages:Strong BuyBuy (12)Sell (0)
Technical Indicators:Strong BuyBuy (7)Sell (0)
Pivot PointsAug 04, 2022 04:40AM GMT
Name
S3
S2
S1
Pivot Points
R1
R2
R3
Classic
1574.30
1580.90
1590.65
1597.25
1607.00
1613.60
1623.35
Fibonacci
1580.90
1587.15
1591.00
1597.25
1603.50
1607.35
1613.60
Camarilla
1595.90
1597.40
1598.90
1597.25
1601.90
1603.40
1604.90
Woodie's
1575.88
1581.69
1592.23
1598.04
1608.58
1614.39
1624.93
DeMark's
-
-
1593.95
1598.90
1610.30
-
-
Technical IndicatorsAug 04, 2022 04:40AM GMT
Name
Value
Action
RSI(14)
73.697
Buy
STOCH(9,6)
59.155
Buy
STOCHRSI(14)
85.242
Overbought
MACD(12,26)
16.160
Buy
ADX(14)
49.071
Buy
Williams %R
-11.467
Overbought
CCI(14)
216.3203
Overbought
ATR(14)
11.2000
High Volatility
Highs/Lows(14)
33.0714
Buy
Ultimate Oscillator
71.215
Overbought
ROC
3.959
Buy
Bull/Bear Power(13)
62.4240
Buy
Buy: 7
Sell: 0
Neutral: 0


Summary:Strong Buy
Moving AveragesAug 04, 2022 04:40AM GMT
Period
Simple
Exponential
MA5
1578.80
Buy
1581.90
Buy
MA10
1567.34
Buy
1570.27
Buy
MA20
1553.70
Buy
1559.67
Buy
MA50
1531.04
Buy
1539.79
Buy
MA100
1514.48
Buy
1519.65
Buy
MA200
1492.35
Buy
1500.70
Buy
Buy: 12
Sell: 0


Summary:Strong Buy","Volume: 2,322,241
Bid/Ask: 1,594.90 / 1,595.30
Day's Range: 1,587.50 - 1,603.85"
2022-08-04 04:46:00.000040,"1,595.90 +29.80    +1.90%
00:45:40 - Real-time Data. Currency in INR ( Disclaimer )
Type:  Equity
Market:  India
ISIN:  INE009A01021
S/N:  INFY","Summary:Strong Buy
Moving Averages:Strong BuyBuy (12)Sell (0)
Technical Indicators:Strong BuyBuy (7)Sell (0)
Pivot PointsAug 04, 2022 04:40AM GMT
Name
S3
S2
S1
Pivot Points
R1
R2
R3
Classic
1574.30
1580.90
1590.65
1597.25
1607.00
1613.60
1623.35
Fibonacci
1580.90
1587.15
1591.00
1597.25
1603.50
1607.35
1613.60
Camarilla
1595.90
1597.40
1598.90
1597.25
1601.90
1603.40
1604.90
Woodie's
1575.88
1581.69
1592.23
1598.04
1608.58
1614.39
1624.93
DeMark's
-
-
1593.95
1598.90
1610.30
-
-
Technical IndicatorsAug 04, 2022 04:40AM GMT
Name
Value
Action
RSI(14)
73.697
Buy
STOCH(9,6)
59.155
Buy
STOCHRSI(14)
85.242
Overbought
MACD(12,26)
16.160
Buy
ADX(14)
49.071
Buy
Williams %R
-11.467
Overbought
CCI(14)
216.3203
Overbought
ATR(14)
11.2000
High Volatility
Highs/Lows(14)
33.0714
Buy
Ultimate Oscillator
71.215
Overbought
ROC
3.959
Buy
Bull/Bear Power(13)
62.4240
Buy
Buy: 7
Sell: 0
Neutral: 0


Summary:Strong Buy
Moving AveragesAug 04, 2022 04:40AM GMT
Period
Simple
Exponential
MA5
1578.80
Buy
1581.90
Buy
MA10
1567.34
Buy
1570.27
Buy
MA20
1553.70
Buy
1559.67
Buy
MA50
1531.04
Buy
1539.79
Buy
MA100
1514.48
Buy
1519.65
Buy
MA200
1492.35
Buy
1500.70
Buy
Buy: 12
Sell: 0


Summary:Strong Buy","Volume: 2,350,388
Bid/Ask: 1,595.90 / 1,595.95
Day's Range: 1,587.50 - 1,603.85"
2022-08-04 04:48:00.000039,"1,596.00 +29.90    +1.91%
00:47:30 - Real-time Data. Currency in INR ( Disclaimer )
Type:  Equity
Market:  India
ISIN:  INE009A01021
S/N:  INFY","Summary:Strong Buy
Moving Averages:Strong BuyBuy (12)Sell (0)
Technical Indicators:Strong BuyBuy (7)Sell (0)
Pivot PointsAug 04, 2022 04:40AM GMT
Name
S3
S2
S1
Pivot Points
R1
R2
R3
Classic
1574.30
1580.90
1590.65
1597.25
1607.00
1613.60
1623.35
Fibonacci
1580.90
1587.15
1591.00
1597.25
1603.50
1607.35
1613.60
Camarilla
1595.90
1597.40
1598.90
1597.25
1601.90
1603.40
1604.90
Woodie's
1575.88
1581.69
1592.23
1598.04
1608.58
1614.39
1624.93
DeMark's
-
-
1593.95
1598.90
1610.30
-
-
Technical IndicatorsAug 04, 2022 04:40AM GMT
Name
Value
Action
RSI(14)
73.697
Buy
STOCH(9,6)
59.155
Buy
STOCHRSI(14)
85.242
Overbought
MACD(12,26)
16.160
Buy
ADX(14)
49.071
Buy
Williams %R
-11.467
Overbought
CCI(14)
216.3203
Overbought
ATR(14)
11.2000
High Volatility
Highs/Lows(14)
33.0714
Buy
Ultimate Oscillator
71.215
Overbought
ROC
3.959
Buy
Bull/Bear Power(13)
62.4240
Buy
Buy: 7
Sell: 0
Neutral: 0


Summary:Strong Buy
Moving AveragesAug 04, 2022 04:40AM GMT
Period
Simple
Exponential
MA5
1578.80
Buy
1581.90
Buy
MA10
1567.34
Buy
1570.27
Buy
MA20
1553.70
Buy
1559.67
Buy
MA50
1531.04
Buy
1539.79
Buy
MA100
1514.48
Buy
1519.65
Buy
MA200
1492.35
Buy
1500.70
Buy
Buy: 12
Sell: 0


Summary:Strong Buy","Volume: 2,373,697
Bid/Ask: 1,596.15 / 1,596.30
Day's Range: 1,587.50 - 1,603.85"
2022-08-04 04:50:00.000038,"1,597.65 +31.55    +2.01%
00:48:34 - Real-time Data. Currency in INR ( Disclaimer )
Type:  Equity
Market:  India
ISIN:  INE009A01021
S/N:  INFY","Summary:Strong Buy
Moving Averages:Strong BuyBuy (12)Sell (0)
Technical Indicators:Strong BuyBuy (7)Sell (0)
Pivot PointsAug 04, 2022 04:40AM GMT
Name
S3
S2
S1
Pivot Points
R1
R2
R3
Classic
1574.30
1580.90
1590.65
1597.25
1607.00
1613.60
1623.35
Fibonacci
1580.90
1587.15
1591.00
1597.25
1603.50
1607.35
1613.60
Camarilla
1595.90
1597.40
1598.90
1597.25
1601.90
1603.40
1604.90
Woodie's
1575.88
1581.69
1592.23
1598.04
1608.58
1614.39
1624.93
DeMark's
-
-
1593.95
1598.90
1610.30
-
-
Technical IndicatorsAug 04, 2022 04:40AM GMT
Name
Value
Action
RSI(14)
73.697
Buy
STOCH(9,6)
59.155
Buy
STOCHRSI(14)
85.242
Overbought
MACD(12,26)
16.160
Buy
ADX(14)
49.071
Buy
Williams %R
-11.467
Overbought
CCI(14)
216.3203
Overbought
ATR(14)
11.2000
High Volatility
Highs/Lows(14)
33.0714
Buy
Ultimate Oscillator
71.215
Overbought
ROC
3.959
Buy
Bull/Bear Power(13)
62.4240
Buy
Buy: 7
Sell: 0
Neutral: 0


Summary:Strong Buy
Moving AveragesAug 04, 2022 04:40AM GMT
Period
Simple
Exponential
MA5
1578.80
Buy
1581.90
Buy
MA10
1567.34
Buy
1570.27
Buy
MA20
1553.70
Buy
1559.67
Buy
MA50
1531.04
Buy
1539.79
Buy
MA100
1514.48
Buy
1519.65
Buy
MA200
1492.35
Buy
1500.70
Buy
Buy: 12
Sell: 0


Summary:Strong Buy","Volume: 2,384,320
Bid/Ask: 1,597.50 / 1,597.65
Day's Range: 1,587.50 - 1,603.85"
2022-08-04 04:52:00.000039,"1,596.10 +30.00    +1.92%
00:51:36 - Real-time Data. Currency in INR ( Disclaimer )
Type:  Equity
Market:  India
ISIN:  INE009A01021
S/N:  INFY","Summary:Strong Buy
Moving Averages:Strong BuyBuy (12)Sell (0)
Technical Indicators:Strong BuyBuy (6)Sell (0)
Pivot PointsAug 04, 2022 04:50AM GMT
Name
S3
S2
S1
Pivot Points
R1
R2
R3
Classic
1574.30
1580.90
1590.65
1597.25
1607.00
1613.60
1623.35
Fibonacci
1580.90
1587.15
1591.00
1597.25
1603.50
1607.35
1613.60
Camarilla
1595.90
1597.40
1598.90
1597.25
1601.90
1603.40
1604.90
Woodie's
1575.88
1581.69
1592.23
1598.04
1608.58
1614.39
1624.93
DeMark's
-
-
1593.95
1598.90
1610.30
-
-
Technical IndicatorsAug 04, 2022 04:50AM GMT
Name
Value
Action
RSI(14)
75.596
Overbought
STOCH(9,6)
59.865
Buy
STOCHRSI(14)
91.918
Overbought
MACD(12,26)
16.350
Buy
ADX(14)
49.071
Buy
Williams %R
-8.267
Overbought
CCI(14)
217.4596
Overbought
ATR(14)
11.3071
High Volatility
Highs/Lows(14)
35.4715
Buy
Ultimate Oscillator
73.752
Overbought
ROC
4.115
Buy
Bull/Bear Power(13)
60.2380
Buy
Buy: 6
Sell: 0
Neutral: 0


Summary:Strong Buy
Moving AveragesAug 04, 2022 04:50AM GMT
Period
Simple
Exponential
MA5
1579.28
Buy
1582.70
Buy
MA10
1567.58
Buy
1570.71
Buy
MA20
1553.82
Buy
1559.90
Buy
MA50
1531.09
Buy
1539.88
Buy
MA100
1514.51
Buy
1519.70
Buy
MA200
1492.36
Buy
1500.72
Buy
Buy: 12
Sell: 0


Summary:Strong Buy","Volume: 2,440,191
Bid/Ask: 1,596.10 / 1,596.40
Day's Range: 1,587.50 - 1,603.85"
2022-08-04 04:54:00.000036,"1,595.50 +29.40    +1.88%
00:53:36 - Real-time Data. Currency in INR ( Disclaimer )
Type:  Equity
Market:  India
ISIN:  INE009A01021
S/N:  INFY","Summary:Strong Buy
Moving Averages:Strong BuyBuy (12)Sell (0)
Technical Indicators:Strong BuyBuy (6)Sell (0)
Pivot PointsAug 04, 2022 04:50AM GMT
Name
S3
S2
S1
Pivot Points
R1
R2
R3
Classic
1574.30
1580.90
1590.65
1597.25
1607.00
1613.60
1623.35
Fibonacci
1580.90
1587.15
1591.00
1597.25
1603.50
1607.35
1613.60
Camarilla
1595.90
1597.40
1598.90
1597.25
1601.90
1603.40
1604.90
Woodie's
1575.88
1581.69
1592.23
1598.04
1608.58
1614.39
1624.93
DeMark's
-
-
1593.95
1598.90
1610.30
-
-
Technical IndicatorsAug 04, 2022 04:50AM GMT
Name
Value
Action
RSI(14)
75.596
Overbought
STOCH(9,6)
59.865
Buy
STOCHRSI(14)
91.918
Overbought
MACD(12,26)
16.350
Buy
ADX(14)
49.071
Buy
Williams %R
-8.267
Overbought
CCI(14)
217.4596
Overbought
ATR(14)
11.3071
High Volatility
Highs/Lows(14)
35.4715
Buy
Ultimate Oscillator
73.752
Overbought
ROC
4.115
Buy
Bull/Bear Power(13)
60.2380
Buy
Buy: 6
Sell: 0
Neutral: 0


Summary:Strong Buy
Moving AveragesAug 04, 2022 04:50AM GMT
Period
Simple
Exponential
MA5
1579.28
Buy
1582.70
Buy
MA10
1567.58
Buy
1570.71
Buy
MA20
1553.82
Buy
1559.90
Buy
MA50
1531.09
Buy
1539.88
Buy
MA100
1514.51
Buy
1519.70
Buy
MA200
1492.36
Buy
1500.72
Buy
Buy: 12
Sell: 0


Summary:Strong Buy","Volume: 2,459,751
Bid/Ask: 1,595.50 / 1,595.55
Day's Range: 1,587.50 - 1,603.85"
2022-08-04 04:56:00.000040,"1,595.45 +29.35    +1.87%
00:55:29 - Real-time Data. Currency in INR ( Disclaimer )
Type:  Equity
Market:  India
ISIN:  INE009A01021
S/N:  INFY","Summary:Strong Buy
Moving Averages:Strong BuyBuy (12)Sell (0)
Technical Indicators:Strong BuyBuy (6)Sell (0)
Pivot PointsAug 04, 2022 04:50AM GMT
Name
S3
S2
S1
Pivot Points
R1
R2
R3
Classic
1574.30
1580.90
1590.65
1597.25
1607.00
1613.60
1623.35
Fibonacci
1580.90
1587.15
1591.00
1597.25
1603.50
1607.35
1613.60
Camarilla
1595.90
1597.40
1598.90
1597.25
1601.90
1603.40
1604.90
Woodie's
1575.88
1581.69
1592.23
1598.04
1608.58
1614.39
1624.93
DeMark's
-
-
1593.95
1598.90
1610.30
-
-
Technical IndicatorsAug 04, 2022 04:50AM GMT
Name
Value
Action
RSI(14)
75.596
Overbought
STOCH(9,6)
59.865
Buy
STOCHRSI(14)
91.918
Overbought
MACD(12,26)
16.350
Buy
ADX(14)
49.071
Buy
Williams %R
-8.267
Overbought
CCI(14)
217.4596
Overbought
ATR(14)
11.3071
High Volatility
Highs/Lows(14)
35.4715
Buy
Ultimate Oscillator
73.752
Overbought
ROC
4.115
Buy
Bull/Bear Power(13)
60.2380
Buy
Buy: 6
Sell: 0
Neutral: 0


Summary:Strong Buy
Moving AveragesAug 04, 2022 04:50AM GMT
Period
Simple
Exponential
MA5
1579.28
Buy
1582.70
Buy
MA10
1567.58
Buy
1570.71
Buy
MA20
1553.82
Buy
1559.90
Buy
MA50
1531.09
Buy
1539.88
Buy
MA100
1514.51
Buy
1519.70
Buy
MA200
1492.36
Buy
1500.72
Buy
Buy: 12
Sell: 0


Summary:Strong Buy","Volume: 2,472,827
Bid/Ask: 1,595.45 / 1,595.50
Day's Range: 1,587.50 - 1,603.85"
2022-08-04 04:58:00.000040,"1,595.40 +29.30    +1.87%
00:57:34 - Real-time Data. Currency in INR ( Disclaimer )
Type:  Equity
Market:  India
ISIN:  INE009A01021
S/N:  INFY","Summary:Strong Buy
Moving Averages:Strong BuyBuy (12)Sell (0)
Technical Indicators:Strong BuyBuy (6)Sell (0)
Pivot PointsAug 04, 2022 04:50AM GMT
Name
S3
S2
S1
Pivot Points
R1
R2
R3
Classic
1574.30
1580.90
1590.65
1597.25
1607.00
1613.60
1623.35
Fibonacci
1580.90
1587.15
1591.00
1597.25
1603.50
1607.35
1613.60
Camarilla
1595.90
1597.40
1598.90
1597.25
1601.90
1603.40
1604.90
Woodie's
1575.88
1581.69
1592.23
1598.04
1608.58
1614.39
1624.93
DeMark's
-
-
1593.95
1598.90
1610.30
-
-
Technical IndicatorsAug 04, 2022 04:50AM GMT
Name
Value
Action
RSI(14)
75.596
Overbought
STOCH(9,6)
59.865
Buy
STOCHRSI(14)
91.918
Overbought
MACD(12,26)
16.350
Buy
ADX(14)
49.071
Buy
Williams %R
-8.267
Overbought
CCI(14)
217.4596
Overbought
ATR(14)
11.3071
High Volatility
Highs/Lows(14)
35.4715
Buy
Ultimate Oscillator
73.752
Overbought
ROC
4.115
Buy
Bull/Bear Power(13)
60.2380
Buy
Buy: 6
Sell: 0
Neutral: 0


Summary:Strong Buy
Moving AveragesAug 04, 2022 04:50AM GMT
Period
Simple
Exponential
MA5
1579.28
Buy
1582.70
Buy
MA10
1567.58
Buy
1570.71
Buy
MA20
1553.82
Buy
1559.90
Buy
MA50
1531.09
Buy
1539.88
Buy
MA100
1514.51
Buy
1519.70
Buy
MA200
1492.36
Buy
1500.72
Buy
Buy: 12
Sell: 0


Summary:Strong Buy","Volume: 2,498,778
Bid/Ask: 1,595.05 / 1,595.40
Day's Range: 1,587.50 - 1,603.85"
2022-08-04 05:00:00.000039,"1,595.30 +29.20    +1.86%
00:58:38 - Real-time Data. Currency in INR ( Disclaimer )
Type:  Equity
Market:  India
ISIN:  INE009A01021
S/N:  INFY","Summary:Strong Buy
Moving Averages:Strong BuyBuy (12)Sell (0)
Technical Indicators:Strong BuyBuy (6)Sell (0)
Pivot PointsAug 04, 2022 04:50AM GMT
Name
S3
S2
S1
Pivot Points
R1
R2
R3
Classic
1574.30
1580.90
1590.65
1597.25
1607.00
1613.60
1623.35
Fibonacci
1580.90
1587.15
1591.00
1597.25
1603.50
1607.35
1613.60
Camarilla
1595.90
1597.40
1598.90
1597.25
1601.90
1603.40
1604.90
Woodie's
1575.88
1581.69
1592.23
1598.04
1608.58
1614.39
1624.93
DeMark's
-
-
1593.95
1598.90
1610.30
-
-
Technical IndicatorsAug 04, 2022 04:50AM GMT
Name
Value
Action
RSI(14)
75.596
Overbought
STOCH(9,6)
59.865
Buy
STOCHRSI(14)
91.918
Overbought
MACD(12,26)
16.350
Buy
ADX(14)
49.071
Buy
Williams %R
-8.267
Overbought
CCI(14)
217.4596
Overbought
ATR(14)
11.3071
High Volatility
Highs/Lows(14)
35.4715
Buy
Ultimate Oscillator
73.752
Overbought
ROC
4.115
Buy
Bull/Bear Power(13)
60.2380
Buy
Buy: 6
Sell: 0
Neutral: 0


Summary:Strong Buy
Moving AveragesAug 04, 2022 04:50AM GMT
Period
Simple
Exponential
MA5
1579.28
Buy
1582.70
Buy
MA10
1567.58
Buy
1570.71
Buy
MA20
1553.82
Buy
1559.90
Buy
MA50
1531.09
Buy
1539.88
Buy
MA100
1514.51
Buy
1519.70
Buy
MA200
1492.36
Buy
1500.72
Buy
Buy: 12
Sell: 0


Summary:Strong Buy","Volume: 2,509,460
Bid/Ask: 1,595.30 / 1,595.35
Day's Range: 1,587.50 - 1,603.85"
2022-08-04 05:02:00.000038,"1,594.90 +28.80    +1.84%
01:01:36 - Real-time Data. Currency in INR ( Disclaimer )
Type:  Equity
Market:  India
ISIN:  INE009A01021
S/N:  INFY","Summary:Strong Buy
Moving Averages:Strong BuyBuy (12)Sell (0)
Technical Indicators:Strong BuyBuy (7)Sell (0)
Pivot PointsAug 04, 2022 05:00AM GMT
Name
S3
S2
S1
Pivot Points
R1
R2
R3
Classic
1574.30
1580.90
1590.65
1597.25
1607.00
1613.60
1623.35
Fibonacci
1580.90
1587.15
1591.00
1597.25
1603.50
1607.35
1613.60
Camarilla
1595.90
1597.40
1598.90
1597.25
1601.90
1603.40
1604.90
Woodie's
1575.88
1581.69
1592.23
1598.04
1608.58
1614.39
1624.93
DeMark's
-
-
1593.95
1598.90
1610.30
-
-
Technical IndicatorsAug 04, 2022 05:00AM GMT
Name
Value
Action
RSI(14)
73.736
Buy
STOCH(9,6)
59.170
Buy
STOCHRSI(14)
85.379
Overbought
MACD(12,26)
16.150
Buy
ADX(14)
49.071
Buy
Williams %R
-11.400
Overbought
CCI(14)
214.4774
Overbought
ATR(14)
11.3071
High Volatility
Highs/Lows(14)
33.1215
Buy
Ultimate Oscillator
71.630
Overbought
ROC
3.962
Buy
Bull/Bear Power(13)
60.9100
Buy
Buy: 7
Sell: 0
Neutral: 0


Summary:Strong Buy
Moving AveragesAug 04, 2022 05:00AM GMT
Period
Simple
Exponential
MA5
1578.81
Buy
1581.92
Buy
MA10
1567.35
Buy
1570.28
Buy
MA20
1553.70
Buy
1559.67
Buy
MA50
1531.04
Buy
1539.79
Buy
MA100
1514.48
Buy
1519.65
Buy
MA200
1492.35
Buy
1500.70
Buy
Buy: 12
Sell: 0


Summary:Strong Buy","Volume: 2,540,180
Bid/Ask: 1,594.75 / 1,594.90
Day's Range: 1,587.50 - 1,603.85"
2022-08-04 05:04:00.000040,"1,593.80 +27.70    +1.77%
01:03:42 - Real-time Data. Currency in INR ( Disclaimer )
Type:  Equity
Market:  India
ISIN:  INE009A01021
S/N:  INFY","Summary:Strong Buy
Moving Averages:Strong BuyBuy (12)Sell (0)
Technical Indicators:Strong BuyBuy (7)Sell (0)
Pivot PointsAug 04, 2022 05:00AM GMT
Name
S3
S2
S1
Pivot Points
R1
R2
R3
Classic
1574.30
1580.90
1590.65
1597.25
1607.00
1613.60
1623.35
Fibonacci
1580.90
1587.15
1591.00
1597.25
1603.50
1607.35
1613.60
Camarilla
1595.90
1597.40
1598.90
1597.25
1601.90
1603.40
1604.90
Woodie's
1575.88
1581.69
1592.23
1598.04
1608.58
1614.39
1624.93
DeMark's
-
-
1593.95
1598.90
1610.30
-
-
Technical IndicatorsAug 04, 2022 05:00AM GMT
Name
Value
Action
RSI(14)
73.736
Buy
STOCH(9,6)
59.170
Buy
STOCHRSI(14)
85.379
Overbought
MACD(12,26)
16.150
Buy
ADX(14)
49.071
Buy
Williams %R
-11.400
Overbought
CCI(14)
214.4774
Overbought
ATR(14)
11.3071
High Volatility
Highs/Lows(14)
33.1215
Buy
Ultimate Oscillator
71.630
Overbought
ROC
3.962
Buy
Bull/Bear Power(13)
60.9100
Buy
Buy: 7
Sell: 0
Neutral: 0


Summary:Strong Buy
Moving AveragesAug 04, 2022 05:00AM GMT
Period
Simple
Exponential
MA5
1578.81
Buy
1581.92
Buy
MA10
1567.35
Buy
1570.28
Buy
MA20
1553.70
Buy
1559.67
Buy
MA50
1531.04
Buy
1539.79
Buy
MA100
1514.48
Buy
1519.65
Buy
MA200
1492.35
Buy
1500.70
Buy
Buy: 12
Sell: 0


Summary:Strong Buy","Volume: 2,562,542
Bid/Ask: 1,593.80 / 1,593.85
Day's Range: 1,587.50 - 1,603.85"
2022-08-04 05:06:00.000038,"1,593.95 +27.85    +1.78%
01:05:32 - Real-time Data. Currency in INR ( Disclaimer )
Type:  Equity
Market:  India
ISIN:  INE009A01021
S/N:  INFY","Summary:Strong Buy
Moving Averages:Strong BuyBuy (12)Sell (0)
Technical Indicators:Strong BuyBuy (7)Sell (0)
Pivot PointsAug 04, 2022 05:00AM GMT
Name
S3
S2
S1
Pivot Points
R1
R2
R3
Classic
1574.30
1580.90
1590.65
1597.25
1607.00
1613.60
1623.35
Fibonacci
1580.90
1587.15
1591.00
1597.25
1603.50
1607.35
1613.60
Camarilla
1595.90
1597.40
1598.90
1597.25
1601.90
1603.40
1604.90
Woodie's
1575.88
1581.69
1592.23
1598.04
1608.58
1614.39
1624.93
DeMark's
-
-
1593.95
1598.90
1610.30
-
-
Technical IndicatorsAug 04, 2022 05:00AM GMT
Name
Value
Action
RSI(14)
73.736
Buy
STOCH(9,6)
59.170
Buy
STOCHRSI(14)
85.379
Overbought
MACD(12,26)
16.150
Buy
ADX(14)
49.071
Buy
Williams %R
-11.400
Overbought
CCI(14)
214.4774
Overbought
ATR(14)
11.3071
High Volatility
Highs/Lows(14)
33.1215
Buy
Ultimate Oscillator
71.630
Overbought
ROC
3.962
Buy
Bull/Bear Power(13)
60.9100
Buy
Buy: 7
Sell: 0
Neutral: 0


Summary:Strong Buy
Moving AveragesAug 04, 2022 05:00AM GMT
Period
Simple
Exponential
MA5
1578.81
Buy
1581.92
Buy
MA10
1567.35
Buy
1570.28
Buy
MA20
1553.70
Buy
1559.67
Buy
MA50
1531.04
Buy
1539.79
Buy
MA100
1514.48
Buy
1519.65
Buy
MA200
1492.35
Buy
1500.70
Buy
Buy: 12
Sell: 0


Summary:Strong Buy","Volume: 2,575,161
Bid/Ask: 1,594.00 / 1,594.60
Day's Range: 1,587.50 - 1,603.85"
2022-08-04 05:08:00.000038,"1,593.80 +27.70    +1.77%
01:07:37 - Real-time Data. Currency in INR ( Disclaimer )
Type:  Equity
Market:  India
ISIN:  INE009A01021
S/N:  INFY","Summary:Strong Buy
Moving Averages:Strong BuyBuy (12)Sell (0)
Technical Indicators:Strong BuyBuy (7)Sell (0)
Pivot PointsAug 04, 2022 05:00AM GMT
Name
S3
S2
S1
Pivot Points
R1
R2
R3
Classic
1574.30
1580.90
1590.65
1597.25
1607.00
1613.60
1623.35
Fibonacci
1580.90
1587.15
1591.00
1597.25
1603.50
1607.35
1613.60
Camarilla
1595.90
1597.40
1598.90
1597.25
1601.90
1603.40
1604.90
Woodie's
1575.88
1581.69
1592.23
1598.04
1608.58
1614.39
1624.93
DeMark's
-
-
1593.95
1598.90
1610.30
-
-
Technical IndicatorsAug 04, 2022 05:00AM GMT
Name
Value
Action
RSI(14)
73.736
Buy
STOCH(9,6)
59.170
Buy
STOCHRSI(14)
85.379
Overbought
MACD(12,26)
16.150
Buy
ADX(14)
49.071
Buy
Williams %R
-11.400
Overbought
CCI(14)
214.4774
Overbought
ATR(14)
11.3071
High Volatility
Highs/Lows(14)
33.1215
Buy
Ultimate Oscillator
71.630
Overbought
ROC
3.962
Buy
Bull/Bear Power(13)
60.9100
Buy
Buy: 7
Sell: 0
Neutral: 0


Summary:Strong Buy
Moving AveragesAug 04, 2022 05:00AM GMT
Period
Simple
Exponential
MA5
1578.81
Buy
1581.92
Buy
MA10
1567.35
Buy
1570.28
Buy
MA20
1553.70
Buy
1559.67
Buy
MA50
1531.04
Buy
1539.79
Buy
MA100
1514.48
Buy
1519.65
Buy
MA200
1492.35
Buy
1500.70
Buy
Buy: 12
Sell: 0


Summary:Strong Buy","Volume: 2,592,513
Bid/Ask: 1,593.80 / 1,593.90
Day's Range: 1,587.50 - 1,603.85"
2022-08-04 05:10:00.000043,"1,593.50 +27.40    +1.75%
01:08:42 - Real-time Data. Currency in INR ( Disclaimer )
Type:  Equity
Market:  India
ISIN:  INE009A01021
S/N:  INFY","Summary:Strong Buy
Moving Averages:Strong BuyBuy (12)Sell (0)
Technical Indicators:Strong BuyBuy (7)Sell (0)
Pivot PointsAug 04, 2022 05:00AM GMT
Name
S3
S2
S1
Pivot Points
R1
R2
R3
Classic
1574.30
1580.90
1590.65
1597.25
1607.00
1613.60
1623.35
Fibonacci
1580.90
1587.15
1591.00
1597.25
1603.50
1607.35
1613.60
Camarilla
1595.90
1597.40
1598.90
1597.25
1601.90
1603.40
1604.90
Woodie's
1575.88
1581.69
1592.23
1598.04
1608.58
1614.39
1624.93
DeMark's
-
-
1593.95
1598.90
1610.30
-
-
Technical IndicatorsAug 04, 2022 05:00AM GMT
Name
Value
Action
RSI(14)
73.736
Buy
STOCH(9,6)
59.170
Buy
STOCHRSI(14)
85.379
Overbought
MACD(12,26)
16.150
Buy
ADX(14)
49.071
Buy
Williams %R
-11.400
Overbought
CCI(14)
214.4774
Overbought
ATR(14)
11.3071
High Volatility
Highs/Lows(14)
33.1215
Buy
Ultimate Oscillator
71.630
Overbought
ROC
3.962
Buy
Bull/Bear Power(13)
60.9100
Buy
Buy: 7
Sell: 0
Neutral: 0


Summary:Strong Buy
Moving AveragesAug 04, 2022 05:00AM GMT
Period
Simple
Exponential
MA5
1578.81
Buy
1581.92
Buy
MA10
1567.35
Buy
1570.28
Buy
MA20
1553.70
Buy
1559.67
Buy
MA50
1531.04
Buy
1539.79
Buy
MA100
1514.48
Buy
1519.65
Buy
MA200
1492.35
Buy
1500.70
Buy
Buy: 12
Sell: 0


Summary:Strong Buy","Volume: 2,606,175
Bid/Ask: 1,593.50 / 1,593.75
Day's Range: 1,587.50 - 1,603.85"
2022-08-04 05:12:00.000042,"1,594.85 +28.75    +1.84%
01:11:31 - Real-time Data. Currency in INR ( Disclaimer )
Type:  Equity
Market:  India
ISIN:  INE009A01021
S/N:  INFY","Summary:Strong Buy
Moving Averages:Strong BuyBuy (12)Sell (0)
Technical Indicators:Strong BuyBuy (9)Sell (0)
Pivot PointsAug 04, 2022 05:10AM GMT
Name
S3
S2
S1
Pivot Points
R1
R2
R3
Classic
1580.76
1586.63
1590.96
1596.83
1601.16
1607.03
1611.36
Fibonacci
1586.63
1590.53
1592.93
1596.83
1600.73
1603.13
1607.03
Camarilla
1592.50
1593.43
1594.37
1596.83
1596.24
1597.17
1598.11
Woodie's
1580.00
1586.25
1590.20
1596.45
1600.40
1606.65
1610.60
DeMark's
-
-
1588.80
1595.75
1599.00
-
-
Technical IndicatorsAug 04, 2022 05:10AM GMT
Name
Value
Action
RSI(14)
72.269
Buy
STOCH(9,6)
65.815
Buy
STOCHRSI(14)
74.471
Buy
MACD(12,26)
16.720
Buy
ADX(14)
48.244
Buy
Williams %R
-14.091
Overbought
CCI(14)
162.0521
Buy
ATR(14)
10.8964
High Volatility
Highs/Lows(14)
27.1250
Buy
Ultimate Oscillator
71.028
Overbought
ROC
4.008
Buy
Bull/Bear Power(13)
46.8220
Buy
Buy: 9
Sell: 0
Neutral: 0


Summary:Strong Buy
Moving AveragesAug 04, 2022 05:10AM GMT
Period
Simple
Exponential
MA5
1585.04
Buy
1585.47
Buy
MA10
1570.73
Buy
1574.14
Buy
MA20
1555.78
Buy
1563.02
Buy
MA50
1533.95
Buy
1542.02
Buy
MA100
1515.51
Buy
1521.10
Buy
MA200
1492.97
Buy
1501.66
Buy
Buy: 12
Sell: 0


Summary:Strong Buy","Volume: 2,653,562
Bid/Ask: 1,594.65 / 1,594.90
Day's Range: 1,587.50 - 1,603.85"
2022-08-04 05:14:00.000041,"1,594.35 +28.25    +1.80%
01:13:37 - Real-time Data. Currency in INR ( Disclaimer )
Type:  Equity
Market:  India
ISIN:  INE009A01021
S/N:  INFY","Summary:Strong Buy
Moving Averages:Strong BuyBuy (12)Sell (0)
Technical Indicators:Strong BuyBuy (9)Sell (0)
Pivot PointsAug 04, 2022 05:10AM GMT
Name
S3
S2
S1
Pivot Points
R1
R2
R3
Classic
1580.76
1586.63
1590.96
1596.83
1601.16
1607.03
1611.36
Fibonacci
1586.63
1590.53
1592.93
1596.83
1600.73
1603.13
1607.03
Camarilla
1592.50
1593.43
1594.37
1596.83
1596.24
1597.17
1598.11
Woodie's
1580.00
1586.25
1590.20
1596.45
1600.40
1606.65
1610.60
DeMark's
-
-
1588.80
1595.75
1599.00
-
-
Technical IndicatorsAug 04, 2022 05:10AM GMT
Name
Value
Action
RSI(14)
72.269
Buy
STOCH(9,6)
65.815
Buy
STOCHRSI(14)
74.471
Buy
MACD(12,26)
16.720
Buy
ADX(14)
48.244
Buy
Williams %R
-14.091
Overbought
CCI(14)
162.0521
Buy
ATR(14)
10.8964
High Volatility
Highs/Lows(14)
27.1250
Buy
Ultimate Oscillator
71.028
Overbought
ROC
4.008
Buy
Bull/Bear Power(13)
46.8220
Buy
Buy: 9
Sell: 0
Neutral: 0


Summary:Strong Buy
Moving AveragesAug 04, 2022 05:10AM GMT
Period
Simple
Exponential
MA5
1585.04
Buy
1585.47
Buy
MA10
1570.73
Buy
1574.14
Buy
MA20
1555.78
Buy
1563.02
Buy
MA50
1533.95
Buy
1542.02
Buy
MA100
1515.51
Buy
1521.10
Buy
MA200
1492.97
Buy
1501.66
Buy
Buy: 12
Sell: 0


Summary:Strong Buy","Volume: 2,670,974
Bid/Ask: 1,594.30 / 1,594.35
Day's Range: 1,587.50 - 1,603.85"
2022-08-04 05:16:00.000041,"1,594.50 +28.40    +1.81%
01:15:35 - Real-time Data. Currency in INR ( Disclaimer )
Type:  Equity
Market:  India
ISIN:  INE009A01021
S/N:  INFY","Summary:Strong Buy
Moving Averages:Strong BuyBuy (12)Sell (0)
Technical Indicators:Strong BuyBuy (9)Sell (0)
Pivot PointsAug 04, 2022 05:10AM GMT
Name
S3
S2
S1
Pivot Points
R1
R2
R3
Classic
1580.76
1586.63
1590.96
1596.83
1601.16
1607.03
1611.36
Fibonacci
1586.63
1590.53
1592.93
1596.83
1600.73
1603.13
1607.03
Camarilla
1592.50
1593.43
1594.37
1596.83
1596.24
1597.17
1598.11
Woodie's
1580.00
1586.25
1590.20
1596.45
1600.40
1606.65
1610.60
DeMark's
-
-
1588.80
1595.75
1599.00
-
-
Technical IndicatorsAug 04, 2022 05:10AM GMT
Name
Value
Action
RSI(14)
72.269
Buy
STOCH(9,6)
65.815
Buy
STOCHRSI(14)
74.471
Buy
MACD(12,26)
16.720
Buy
ADX(14)
48.244
Buy
Williams %R
-14.091
Overbought
CCI(14)
162.0521
Buy
ATR(14)
10.8964
High Volatility
Highs/Lows(14)
27.1250
Buy
Ultimate Oscillator
71.028
Overbought
ROC
4.008
Buy
Bull/Bear Power(13)
46.8220
Buy
Buy: 9
Sell: 0
Neutral: 0


Summary:Strong Buy
Moving AveragesAug 04, 2022 05:10AM GMT
Period
Simple
Exponential
MA5
1585.04
Buy
1585.47
Buy
MA10
1570.73
Buy
1574.14
Buy
MA20
1555.78
Buy
1563.02
Buy
MA50
1533.95
Buy
1542.02
Buy
MA100
1515.51
Buy
1521.10
Buy
MA200
1492.97
Buy
1501.66
Buy
Buy: 12
Sell: 0


Summary:Strong Buy","Volume: 2,694,187
Bid/Ask: 1,594.45 / 1,594.75
Day's Range: 1,587.50 - 1,603.85"
2022-08-04 05:18:00.000039,"1,594.75 +28.65    +1.83%
01:17:34 - Real-time Data. Currency in INR ( Disclaimer )
Type:  Equity
Market:  India
ISIN:  INE009A01021
S/N:  INFY","Summary:Strong Buy
Moving Averages:Strong BuyBuy (12)Sell (0)
Technical Indicators:Strong BuyBuy (9)Sell (0)
Pivot PointsAug 04, 2022 05:10AM GMT
Name
S3
S2
S1
Pivot Points
R1
R2
R3
Classic
1580.76
1586.63
1590.96
1596.83
1601.16
1607.03
1611.36
Fibonacci
1586.63
1590.53
1592.93
1596.83
1600.73
1603.13
1607.03
Camarilla
1592.50
1593.43
1594.37
1596.83
1596.24
1597.17
1598.11
Woodie's
1580.00
1586.25
1590.20
1596.45
1600.40
1606.65
1610.60
DeMark's
-
-
1588.80
1595.75
1599.00
-
-
Technical IndicatorsAug 04, 2022 05:10AM GMT
Name
Value
Action
RSI(14)
72.269
Buy
STOCH(9,6)
65.815
Buy
STOCHRSI(14)
74.471
Buy
MACD(12,26)
16.720
Buy
ADX(14)
48.244
Buy
Williams %R
-14.091
Overbought
CCI(14)
162.0521
Buy
ATR(14)
10.8964
High Volatility
Highs/Lows(14)
27.1250
Buy
Ultimate Oscillator
71.028
Overbought
ROC
4.008
Buy
Bull/Bear Power(13)
46.8220
Buy
Buy: 9
Sell: 0
Neutral: 0


Summary:Strong Buy
Moving AveragesAug 04, 2022 05:10AM GMT
Period
Simple
Exponential
MA5
1585.04
Buy
1585.47
Buy
MA10
1570.73
Buy
1574.14
Buy
MA20
1555.78
Buy
1563.02
Buy
MA50
1533.95
Buy
1542.02
Buy
MA100
1515.51
Buy
1521.10
Buy
MA200
1492.97
Buy
1501.66
Buy
Buy: 12
Sell: 0


Summary:Strong Buy","Volume: 2,717,638
Bid/Ask: 1,594.75 / 1,595.00
Day's Range: 1,587.50 - 1,603.85"
2022-08-04 05:20:00.000040,"1,596.40 +30.30    +1.93%
01:18:55 - Real-time Data. Currency in INR ( Disclaimer )
Type:  Equity
Market:  India
ISIN:  INE009A01021
S/N:  INFY","Summary:Strong Buy
Moving Averages:Strong BuyBuy (12)Sell (0)
Technical Indicators:Strong BuyBuy (9)Sell (0)
Pivot PointsAug 04, 2022 05:10AM GMT
Name
S3
S2
S1
Pivot Points
R1
R2
R3
Classic
1580.76
1586.63
1590.96
1596.83
1601.16
1607.03
1611.36
Fibonacci
1586.63
1590.53
1592.93
1596.83
1600.73
1603.13
1607.03
Camarilla
1592.50
1593.43
1594.37
1596.83
1596.24
1597.17
1598.11
Woodie's
1580.00
1586.25
1590.20
1596.45
1600.40
1606.65
1610.60
DeMark's
-
-
1588.80
1595.75
1599.00
-
-
Technical IndicatorsAug 04, 2022 05:10AM GMT
Name
Value
Action
RSI(14)
72.269
Buy
STOCH(9,6)
65.815
Buy
STOCHRSI(14)
74.471
Buy
MACD(12,26)
16.720
Buy
ADX(14)
48.244
Buy
Williams %R
-14.091
Overbought
CCI(14)
162.0521
Buy
ATR(14)
10.8964
High Volatility
Highs/Lows(14)
27.1250
Buy
Ultimate Oscillator
71.028
Overbought
ROC
4.008
Buy
Bull/Bear Power(13)
46.8220
Buy
Buy: 9
Sell: 0
Neutral: 0


Summary:Strong Buy
Moving AveragesAug 04, 2022 05:10AM GMT
Period
Simple
Exponential
MA5
1585.04
Buy
1585.47
Buy
MA10
1570.73
Buy
1574.14
Buy
MA20
1555.78
Buy
1563.02
Buy
MA50
1533.95
Buy
1542.02
Buy
MA100
1515.51
Buy
1521.10
Buy
MA200
1492.97
Buy
1501.66
Buy
Buy: 12
Sell: 0


Summary:Strong Buy","Volume: 2,750,123
Bid/Ask: 1,596.40 / 1,596.60
Day's Range: 1,587.50 - 1,603.85"
2022-08-04 05:22:00.000038,"1,596.45 +30.35    +1.94%
01:21:40 - Real-time Data. Currency in INR ( Disclaimer )
Type:  Equity
Market:  India
ISIN:  INE009A01021
S/N:  INFY","Summary:Strong Buy
Moving Averages:Strong BuyBuy (12)Sell (0)
Technical Indicators:Strong BuyBuy (8)Sell (0)
Pivot PointsAug 04, 2022 05:20AM GMT
Name
S3
S2
S1
Pivot Points
R1
R2
R3
Classic
1580.76
1586.63
1590.96
1596.83
1601.16
1607.03
1611.36
Fibonacci
1586.63
1590.53
1592.93
1596.83
1600.73
1603.13
1607.03
Camarilla
1592.50
1593.43
1594.37
1596.83
1596.24
1597.17
1598.11
Woodie's
1580.00
1586.25
1590.20
1596.45
1600.40
1606.65
1610.60
DeMark's
-
-
1588.80
1595.75
1599.00
-
-
Technical IndicatorsAug 04, 2022 05:20AM GMT
Name
Value
Action
RSI(14)
74.058
Buy
STOCH(9,6)
66.686
Buy
STOCHRSI(14)
82.589
Overbought
MACD(12,26)
16.950
Buy
ADX(14)
48.244
Buy
Williams %R
-10.143
Overbought
CCI(14)
167.1763
Buy
ATR(14)
10.9750
High Volatility
Highs/Lows(14)
29.9357
Buy
Ultimate Oscillator
73.044
Overbought
ROC
4.197
Buy
Bull/Bear Power(13)
47.2440
Buy
Buy: 8
Sell: 0
Neutral: 0


Summary:Strong Buy
Moving AveragesAug 04, 2022 05:20AM GMT
Period
Simple
Exponential
MA5
1585.62
Buy
1586.44
Buy
MA10
1571.02
Buy
1574.67
Buy
MA20
1555.92
Buy
1563.29
Buy
MA50
1534.01
Buy
1542.14
Buy
MA100
1515.54
Buy
1521.16
Buy
MA200
1492.99
Buy
1501.69
Buy
Buy: 12
Sell: 0


Summary:Strong Buy","Volume: 2,770,202
Bid/Ask: 1,596.45 / 1,596.55
Day's Range: 1,587.50 - 1,603.85"
2022-08-04 05:24:00.000039,"1,597.50 +31.40    +2.00%
01:23:30 - Real-time Data. Currency in INR ( Disclaimer )
Type:  Equity
Market:  India
ISIN:  INE009A01021
S/N:  INFY","Summary:Strong Buy
Moving Averages:Strong BuyBuy (12)Sell (0)
Technical Indicators:Strong BuyBuy (8)Sell (0)
Pivot PointsAug 04, 2022 05:20AM GMT
Name
S3
S2
S1
Pivot Points
R1
R2
R3
Classic
1580.76
1586.63
1590.96
1596.83
1601.16
1607.03
1611.36
Fibonacci
1586.63
1590.53
1592.93
1596.83
1600.73
1603.13
1607.03
Camarilla
1592.50
1593.43
1594.37
1596.83
1596.24
1597.17
1598.11
Woodie's
1580.00
1586.25
1590.20
1596.45
1600.40
1606.65
1610.60
DeMark's
-
-
1588.80
1595.75
1599.00
-
-
Technical IndicatorsAug 04, 2022 05:20AM GMT
Name
Value
Action
RSI(14)
74.058
Buy
STOCH(9,6)
66.686
Buy
STOCHRSI(14)
82.589
Overbought
MACD(12,26)
16.950
Buy
ADX(14)
48.244
Buy
Williams %R
-10.143
Overbought
CCI(14)
167.1763
Buy
ATR(14)
10.9750
High Volatility
Highs/Lows(14)
29.9357
Buy
Ultimate Oscillator
73.044
Overbought
ROC
4.197
Buy
Bull/Bear Power(13)
47.2440
Buy
Buy: 8
Sell: 0
Neutral: 0


Summary:Strong Buy
Moving AveragesAug 04, 2022 05:20AM GMT
Period
Simple
Exponential
MA5
1585.62
Buy
1586.44
Buy
MA10
1571.02
Buy
1574.67
Buy
MA20
1555.92
Buy
1563.29
Buy
MA50
1534.01
Buy
1542.14
Buy
MA100
1515.54
Buy
1521.16
Buy
MA200
1492.99
Buy
1501.69
Buy
Buy: 12
Sell: 0


Summary:Strong Buy","Volume: 2,789,577
Bid/Ask: 1,597.50 / 1,597.60
Day's Range: 1,587.50 - 1,603.85"
2022-08-04 05:26:00.000039,"1,596.40 +30.30    +1.93%
01:25:34 - Real-time Data. Currency in INR ( Disclaimer )
Type:  Equity
Market:  India
ISIN:  INE009A01021
S/N:  INFY","Summary:Strong Buy
Moving Averages:Strong BuyBuy (12)Sell (0)
Technical Indicators:Strong BuyBuy (8)Sell (0)
Pivot PointsAug 04, 2022 05:20AM GMT
Name
S3
S2
S1
Pivot Points
R1
R2
R3
Classic
1580.76
1586.63
1590.96
1596.83
1601.16
1607.03
1611.36
Fibonacci
1586.63
1590.53
1592.93
1596.83
1600.73
1603.13
1607.03
Camarilla
1592.50
1593.43
1594.37
1596.83
1596.24
1597.17
1598.11
Woodie's
1580.00
1586.25
1590.20
1596.45
1600.40
1606.65
1610.60
DeMark's
-
-
1588.80
1595.75
1599.00
-
-
Technical IndicatorsAug 04, 2022 05:20AM GMT
Name
Value
Action
RSI(14)
74.058
Buy
STOCH(9,6)
66.686
Buy
STOCHRSI(14)
82.589
Overbought
MACD(12,26)
16.950
Buy
ADX(14)
48.244
Buy
Williams %R
-10.143
Overbought
CCI(14)
167.1763
Buy
ATR(14)
10.9750
High Volatility
Highs/Lows(14)
29.9357
Buy
Ultimate Oscillator
73.044
Overbought
ROC
4.197
Buy
Bull/Bear Power(13)
47.2440
Buy
Buy: 8
Sell: 0
Neutral: 0


Summary:Strong Buy
Moving AveragesAug 04, 2022 05:20AM GMT
Period
Simple
Exponential
MA5
1585.62
Buy
1586.44
Buy
MA10
1571.02
Buy
1574.67
Buy
MA20
1555.92
Buy
1563.29
Buy
MA50
1534.01
Buy
1542.14
Buy
MA100
1515.54
Buy
1521.16
Buy
MA200
1492.99
Buy
1501.69
Buy
Buy: 12
Sell: 0


Summary:Strong Buy","Volume: 2,799,499
Bid/Ask: 1,596.30 / 1,596.40
Day's Range: 1,587.50 - 1,603.85"
2022-08-04 05:28:00.000039,"1,596.40 +30.30    +1.93%
01:27:29 - Real-time Data. Currency in INR ( Disclaimer )
Type:  Equity
Market:  India
ISIN:  INE009A01021
S/N:  INFY","Summary:Strong Buy
Moving Averages:Strong BuyBuy (12)Sell (0)
Technical Indicators:Strong BuyBuy (8)Sell (0)
Pivot PointsAug 04, 2022 05:20AM GMT
Name
S3
S2
S1
Pivot Points
R1
R2
R3
Classic
1580.76
1586.63
1590.96
1596.83
1601.16
1607.03
1611.36
Fibonacci
1586.63
1590.53
1592.93
1596.83
1600.73
1603.13
1607.03
Camarilla
1592.50
1593.43
1594.37
1596.83
1596.24
1597.17
1598.11
Woodie's
1580.00
1586.25
1590.20
1596.45
1600.40
1606.65
1610.60
DeMark's
-
-
1588.80
1595.75
1599.00
-
-
Technical IndicatorsAug 04, 2022 05:20AM GMT
Name
Value
Action
RSI(14)
74.058
Buy
STOCH(9,6)
66.686
Buy
STOCHRSI(14)
82.589
Overbought
MACD(12,26)
16.950
Buy
ADX(14)
48.244
Buy
Williams %R
-10.143
Overbought
CCI(14)
167.1763
Buy
ATR(14)
10.9750
High Volatility
Highs/Lows(14)
29.9357
Buy
Ultimate Oscillator
73.044
Overbought
ROC
4.197
Buy
Bull/Bear Power(13)
47.2440
Buy
Buy: 8
Sell: 0
Neutral: 0


Summary:Strong Buy
Moving AveragesAug 04, 2022 05:20AM GMT
Period
Simple
Exponential
MA5
1585.62
Buy
1586.44
Buy
MA10
1571.02
Buy
1574.67
Buy
MA20
1555.92
Buy
1563.29
Buy
MA50
1534.01
Buy
1542.14
Buy
MA100
1515.54
Buy
1521.16
Buy
MA200
1492.99
Buy
1501.69
Buy
Buy: 12
Sell: 0


Summary:Strong Buy","Volume: 2,813,130
Bid/Ask: 1,596.15 / 1,596.40
Day's Range: 1,587.50 - 1,603.85"
2022-08-04 05:30:00.000040,"1,595.80 +29.70    +1.90%
01:28:59 - Real-time Data. Currency in INR ( Disclaimer )
Type:  Equity
Market:  India
ISIN:  INE009A01021
S/N:  INFY","Summary:Strong Buy
Moving Averages:Strong BuyBuy (12)Sell (0)
Technical Indicators:Strong BuyBuy (8)Sell (0)
Pivot PointsAug 04, 2022 05:20AM GMT
Name
S3
S2
S1
Pivot Points
R1
R2
R3
Classic
1580.76
1586.63
1590.96
1596.83
1601.16
1607.03
1611.36
Fibonacci
1586.63
1590.53
1592.93
1596.83
1600.73
1603.13
1607.03
Camarilla
1592.50
1593.43
1594.37
1596.83
1596.24
1597.17
1598.11
Woodie's
1580.00
1586.25
1590.20
1596.45
1600.40
1606.65
1610.60
DeMark's
-
-
1588.80
1595.75
1599.00
-
-
Technical IndicatorsAug 04, 2022 05:20AM GMT
Name
Value
Action
RSI(14)
74.058
Buy
STOCH(9,6)
66.686
Buy
STOCHRSI(14)
82.589
Overbought
MACD(12,26)
16.950
Buy
ADX(14)
48.244
Buy
Williams %R
-10.143
Overbought
CCI(14)
167.1763
Buy
ATR(14)
10.9750
High Volatility
Highs/Lows(14)
29.9357
Buy
Ultimate Oscillator
73.044
Overbought
ROC
4.197
Buy
Bull/Bear Power(13)
47.2440
Buy
Buy: 8
Sell: 0
Neutral: 0


Summary:Strong Buy
Moving AveragesAug 04, 2022 05:20AM GMT
Period
Simple
Exponential
MA5
1585.62
Buy
1586.44
Buy
MA10
1571.02
Buy
1574.67
Buy
MA20
1555.92
Buy
1563.29
Buy
MA50
1534.01
Buy
1542.14
Buy
MA100
1515.54
Buy
1521.16
Buy
MA200
1492.99
Buy
1501.69
Buy
Buy: 12
Sell: 0


Summary:Strong Buy","Volume: 2,821,178
Bid/Ask: 1,595.70 / 1,595.80
Day's Range: 1,587.50 - 1,603.85"
2022-08-04 05:32:00.000040,"1,594.45 +28.35    +1.81%
01:31:30 - Real-time Data. Currency in INR ( Disclaimer )
Type:  Equity
Market:  India
ISIN:  INE009A01021
S/N:  INFY","Summary:Strong Buy
Moving Averages:Strong BuyBuy (12)Sell (0)
Technical Indicators:Strong BuyBuy (8)Sell (0)
Pivot PointsAug 04, 2022 05:30AM GMT
Name
S3
S2
S1
Pivot Points
R1
R2
R3
Classic
1580.76
1586.63
1590.96
1596.83
1601.16
1607.03
1611.36
Fibonacci
1586.63
1590.53
1592.93
1596.83
1600.73
1603.13
1607.03
Camarilla
1592.50
1593.43
1594.37
1596.83
1596.24
1597.17
1598.11
Woodie's
1580.00
1586.25
1590.20
1596.45
1600.40
1606.65
1610.60
DeMark's
-
-
1588.80
1595.75
1599.00
-
-
Technical IndicatorsAug 04, 2022 05:30AM GMT
Name
Value
Action
RSI(14)
73.883
Buy
STOCH(9,6)
66.506
Buy
STOCHRSI(14)
81.795
Overbought
MACD(12,26)
16.910
Buy
ADX(14)
48.244
Buy
Williams %R
-10.960
Overbought
CCI(14)
167.9728
Buy
ATR(14)
11.0643
High Volatility
Highs/Lows(14)
29.2465
Buy
Ultimate Oscillator
71.599
Overbought
ROC
4.158
Buy
Bull/Bear Power(13)
48.6660
Buy
Buy: 8
Sell: 0
Neutral: 0


Summary:Strong Buy
Moving AveragesAug 04, 2022 05:30AM GMT
Period
Simple
Exponential
MA5
1585.50
Buy
1586.24
Buy
MA10
1570.96
Buy
1574.56
Buy
MA20
1555.89
Buy
1563.24
Buy
MA50
1534.00
Buy
1542.11
Buy
MA100
1515.53
Buy
1521.15
Buy
MA200
1492.98
Buy
1501.68
Buy
Buy: 12
Sell: 0


Summary:Strong Buy","Volume: 2,840,437
Bid/Ask: 1,594.45 / 1,594.55
Day's Range: 1,587.50 - 1,603.85"
2022-08-04 05:34:00.000038,"1,595.45 +29.35    +1.87%
01:33:39 - Real-time Data. Currency in INR ( Disclaimer )
Type:  Equity
Market:  India
ISIN:  INE009A01021
S/N:  INFY","Summary:Strong Buy
Moving Averages:Strong BuyBuy (12)Sell (0)
Technical Indicators:Strong BuyBuy (8)Sell (0)
Pivot PointsAug 04, 2022 05:30AM GMT
Name
S3
S2
S1
Pivot Points
R1
R2
R3
Classic
1580.76
1586.63
1590.96
1596.83
1601.16
1607.03
1611.36
Fibonacci
1586.63
1590.53
1592.93
1596.83
1600.73
1603.13
1607.03
Camarilla
1592.50
1593.43
1594.37
1596.83
1596.24
1597.17
1598.11
Woodie's
1580.00
1586.25
1590.20
1596.45
1600.40
1606.65
1610.60
DeMark's
-
-
1588.80
1595.75
1599.00
-
-
Technical IndicatorsAug 04, 2022 05:30AM GMT
Name
Value
Action
RSI(14)
73.883
Buy
STOCH(9,6)
66.506
Buy
STOCHRSI(14)
81.795
Overbought
MACD(12,26)
16.910
Buy
ADX(14)
48.244
Buy
Williams %R
-10.960
Overbought
CCI(14)
167.9728
Buy
ATR(14)
11.0643
High Volatility
Highs/Lows(14)
29.2465
Buy
Ultimate Oscillator
71.599
Overbought
ROC
4.158
Buy
Bull/Bear Power(13)
48.6660
Buy
Buy: 8
Sell: 0
Neutral: 0


Summary:Strong Buy
Moving AveragesAug 04, 2022 05:30AM GMT
Period
Simple
Exponential
MA5
1585.50
Buy
1586.24
Buy
MA10
1570.96
Buy
1574.56
Buy
MA20
1555.89
Buy
1563.24
Buy
MA50
1534.00
Buy
1542.11
Buy
MA100
1515.53
Buy
1521.15
Buy
MA200
1492.98
Buy
1501.68
Buy
Buy: 12
Sell: 0


Summary:Strong Buy","Volume: 2,854,268
Bid/Ask: 1,595.20 / 1,595.45
Day's Range: 1,587.50 - 1,603.85"
2022-08-04 05:36:00.000039,"1,595.00 +28.90    +1.85%
01:34:00 - Real-time Data. Currency in INR ( Disclaimer )
Type:  Equity
Market:  India
ISIN:  INE009A01021
S/N:  INFY","Summary:Strong Buy
Moving Averages:Strong BuyBuy (12)Sell (0)
Technical Indicators:Strong BuyBuy (8)Sell (0)
Pivot PointsAug 04, 2022 05:30AM GMT
Name
S3
S2
S1
Pivot Points
R1
R2
R3
Classic
1580.76
1586.63
1590.96
1596.83
1601.16
1607.03
1611.36
Fibonacci
1586.63
1590.53
1592.93
1596.83
1600.73
1603.13
1607.03
Camarilla
1592.50
1593.43
1594.37
1596.83
1596.24
1597.17
1598.11
Woodie's
1580.00
1586.25
1590.20
1596.45
1600.40
1606.65
1610.60
DeMark's
-
-
1588.80
1595.75
1599.00
-
-
Technical IndicatorsAug 04, 2022 05:30AM GMT
Name
Value
Action
RSI(14)
73.883
Buy
STOCH(9,6)
66.506
Buy
STOCHRSI(14)
81.795
Overbought
MACD(12,26)
16.910
Buy
ADX(14)
48.244
Buy
Williams %R
-10.960
Overbought
CCI(14)
167.9728
Buy
ATR(14)
11.0643
High Volatility
Highs/Lows(14)
29.2465
Buy
Ultimate Oscillator
71.599
Overbought
ROC
4.158
Buy
Bull/Bear Power(13)
48.6660
Buy
Buy: 8
Sell: 0
Neutral: 0


Summary:Strong Buy
Moving AveragesAug 04, 2022 05:30AM GMT
Period
Simple
Exponential
MA5
1585.50
Buy
1586.24
Buy
MA10
1570.96
Buy
1574.56
Buy
MA20
1555.89
Buy
1563.24
Buy
MA50
1534.00
Buy
1542.11
Buy
MA100
1515.53
Buy
1521.15
Buy
MA200
1492.98
Buy
1501.68
Buy
Buy: 12
Sell: 0


Summary:Strong Buy","Volume: 2,855,253
Bid/Ask: 1,595.00 / 1,595.05
Day's Range: 1,587.50 - 1,603.85"
2022-08-04 05:38:00.000041,"1,595.80 +29.70    +1.90%
01:37:38 - Real-time Data. Currency in INR ( Disclaimer )
Type:  Equity
Market:  India
ISIN:  INE009A01021
S/N:  INFY","Summary:Strong Buy
Moving Averages:Strong BuyBuy (12)Sell (0)
Technical Indicators:Strong BuyBuy (8)Sell (0)
Pivot PointsAug 04, 2022 05:30AM GMT
Name
S3
S2
S1
Pivot Points
R1
R2
R3
Classic
1580.76
1586.63
1590.96
1596.83
1601.16
1607.03
1611.36
Fibonacci
1586.63
1590.53
1592.93
1596.83
1600.73
1603.13
1607.03
Camarilla
1592.50
1593.43
1594.37
1596.83
1596.24
1597.17
1598.11
Woodie's
1580.00
1586.25
1590.20
1596.45
1600.40
1606.65
1610.60
DeMark's
-
-
1588.80
1595.75
1599.00
-
-
Technical IndicatorsAug 04, 2022 05:30AM GMT
Name
Value
Action
RSI(14)
73.883
Buy
STOCH(9,6)
66.506
Buy
STOCHRSI(14)
81.795
Overbought
MACD(12,26)
16.910
Buy
ADX(14)
48.244
Buy
Williams %R
-10.960
Overbought
CCI(14)
167.9728
Buy
ATR(14)
11.0643
High Volatility
Highs/Lows(14)
29.2465
Buy
Ultimate Oscillator
71.599
Overbought
ROC
4.158
Buy
Bull/Bear Power(13)
48.6660
Buy
Buy: 8
Sell: 0
Neutral: 0


Summary:Strong Buy
Moving AveragesAug 04, 2022 05:30AM GMT
Period
Simple
Exponential
MA5
1585.50
Buy
1586.24
Buy
MA10
1570.96
Buy
1574.56
Buy
MA20
1555.89
Buy
1563.24
Buy
MA50
1534.00
Buy
1542.11
Buy
MA100
1515.53
Buy
1521.15
Buy
MA200
1492.98
Buy
1501.68
Buy
Buy: 12
Sell: 0


Summary:Strong Buy","Volume: 2,877,985
Bid/Ask: 1,595.75 / 1,595.80
Day's Range: 1,587.50 - 1,603.85"
2022-08-04 05:40:00.000042,"1,595.90 +29.80    +1.90%
01:39:03 - Real-time Data. Currency in INR ( Disclaimer )
Type:  Equity
Market:  India
ISIN:  INE009A01021
S/N:  INFY","Summary:Strong Buy
Moving Averages:Strong BuyBuy (12)Sell (0)
Technical Indicators:Strong BuyBuy (8)Sell (0)
Pivot PointsAug 04, 2022 05:30AM GMT
Name
S3
S2
S1
Pivot Points
R1
R2
R3
Classic
1580.76
1586.63
1590.96
1596.83
1601.16
1607.03
1611.36
Fibonacci
1586.63
1590.53
1592.93
1596.83
1600.73
1603.13
1607.03
Camarilla
1592.50
1593.43
1594.37
1596.83
1596.24
1597.17
1598.11
Woodie's
1580.00
1586.25
1590.20
1596.45
1600.40
1606.65
1610.60
DeMark's
-
-
1588.80
1595.75
1599.00
-
-
Technical IndicatorsAug 04, 2022 05:30AM GMT
Name
Value
Action
RSI(14)
73.883
Buy
STOCH(9,6)
66.506
Buy
STOCHRSI(14)
81.795
Overbought
MACD(12,26)
16.910
Buy
ADX(14)
48.244
Buy
Williams %R
-10.960
Overbought
CCI(14)
167.9728
Buy
ATR(14)
11.0643
High Volatility
Highs/Lows(14)
29.2465
Buy
Ultimate Oscillator
71.599
Overbought
ROC
4.158
Buy
Bull/Bear Power(13)
48.6660
Buy
Buy: 8
Sell: 0
Neutral: 0


Summary:Strong Buy
Moving AveragesAug 04, 2022 05:30AM GMT
Period
Simple
Exponential
MA5
1585.50
Buy
1586.24
Buy
MA10
1570.96
Buy
1574.56
Buy
MA20
1555.89
Buy
1563.24
Buy
MA50
1534.00
Buy
1542.11
Buy
MA100
1515.53
Buy
1521.15
Buy
MA200
1492.98
Buy
1501.68
Buy
Buy: 12
Sell: 0


Summary:Strong Buy","Volume: 2,886,172
Bid/Ask: 1,595.85 / 1,595.90
Day's Range: 1,587.50 - 1,603.85"
2022-08-04 05:42:00.000039,"1,596.55 +30.45    +1.94%
01:41:38 - Real-time Data. Currency in INR ( Disclaimer )
Type:  Equity
Market:  India
ISIN:  INE009A01021
S/N:  INFY","Summary:Strong Buy
Moving Averages:Strong BuyBuy (12)Sell (0)
Technical Indicators:Strong BuyBuy (8)Sell (0)
Pivot PointsAug 04, 2022 05:40AM GMT
Name
S3
S2
S1
Pivot Points
R1
R2
R3
Classic
1580.76
1586.63
1590.96
1596.83
1601.16
1607.03
1611.36
Fibonacci
1586.63
1590.53
1592.93
1596.83
1600.73
1603.13
1607.03
Camarilla
1592.50
1593.43
1594.37
1596.83
1596.24
1597.17
1598.11
Woodie's
1580.00
1586.25
1590.20
1596.45
1600.40
1606.65
1610.60
DeMark's
-
-
1588.80
1595.75
1599.00
-
-
Technical IndicatorsAug 04, 2022 05:40AM GMT
Name
Value
Action
RSI(14)
73.912
Buy
STOCH(9,6)
66.536
Buy
STOCHRSI(14)
81.927
Overbought
MACD(12,26)
16.910
Buy
ADX(14)
48.244
Buy
Williams %R
-10.824
Overbought
CCI(14)
168.0951
Buy
ATR(14)
11.0643
High Volatility
Highs/Lows(14)
29.3465
Buy
Ultimate Oscillator
71.693
Overbought
ROC
4.164
Buy
Bull/Bear Power(13)
48.6360
Buy
Buy: 8
Sell: 0
Neutral: 0


Summary:Strong Buy
Moving AveragesAug 04, 2022 05:40AM GMT
Period
Simple
Exponential
MA5
1585.52
Buy
1586.27
Buy
MA10
1570.97
Buy
1574.58
Buy
MA20
1555.90
Buy
1563.25
Buy
MA50
1534.00
Buy
1542.12
Buy
MA100
1515.53
Buy
1521.15
Buy
MA200
1492.99
Buy
1501.68
Buy
Buy: 12
Sell: 0


Summary:Strong Buy","Volume: 2,913,758
Bid/Ask: 1,596.60 / 1,596.85
Day's Range: 1,587.50 - 1,603.85"
2022-08-04 05:44:00.000041,"1,596.45 +30.35    +1.94%
01:43:26 - Real-time Data. Currency in INR ( Disclaimer )
Type:  Equity
Market:  India
ISIN:  INE009A01021
S/N:  INFY","Summary:Strong Buy
Moving Averages:Strong BuyBuy (12)Sell (0)
Technical Indicators:Strong BuyBuy (8)Sell (0)
Pivot PointsAug 04, 2022 05:40AM GMT
Name
S3
S2
S1
Pivot Points
R1
R2
R3
Classic
1580.76
1586.63
1590.96
1596.83
1601.16
1607.03
1611.36
Fibonacci
1586.63
1590.53
1592.93
1596.83
1600.73
1603.13
1607.03
Camarilla
1592.50
1593.43
1594.37
1596.83
1596.24
1597.17
1598.11
Woodie's
1580.00
1586.25
1590.20
1596.45
1600.40
1606.65
1610.60
DeMark's
-
-
1588.80
1595.75
1599.00
-
-
Technical IndicatorsAug 04, 2022 05:40AM GMT
Name
Value
Action
RSI(14)
73.912
Buy
STOCH(9,6)
66.536
Buy
STOCHRSI(14)
81.927
Overbought
MACD(12,26)
16.910
Buy
ADX(14)
48.244
Buy
Williams %R
-10.824
Overbought
CCI(14)
168.0951
Buy
ATR(14)
11.0643
High Volatility
Highs/Lows(14)
29.3465
Buy
Ultimate Oscillator
71.693
Overbought
ROC
4.164
Buy
Bull/Bear Power(13)
48.6360
Buy
Buy: 8
Sell: 0
Neutral: 0


Summary:Strong Buy
Moving AveragesAug 04, 2022 05:40AM GMT
Period
Simple
Exponential
MA5
1585.52
Buy
1586.27
Buy
MA10
1570.97
Buy
1574.58
Buy
MA20
1555.90
Buy
1563.25
Buy
MA50
1534.00
Buy
1542.12
Buy
MA100
1515.53
Buy
1521.15
Buy
MA200
1492.99
Buy
1501.68
Buy
Buy: 12
Sell: 0


Summary:Strong Buy","Volume: 2,922,992
Bid/Ask: 1,596.35 / 1,596.55
Day's Range: 1,587.50 - 1,603.85"
2022-08-04 05:46:00.000038,"1,595.65 +29.55    +1.89%
01:44:02 - Real-time Data. Currency in INR ( Disclaimer )
Type:  Equity
Market:  India
ISIN:  INE009A01021
S/N:  INFY","Summary:Strong Buy
Moving Averages:Strong BuyBuy (12)Sell (0)
Technical Indicators:Strong BuyBuy (8)Sell (0)
Pivot PointsAug 04, 2022 05:40AM GMT
Name
S3
S2
S1
Pivot Points
R1
R2
R3
Classic
1580.76
1586.63
1590.96
1596.83
1601.16
1607.03
1611.36
Fibonacci
1586.63
1590.53
1592.93
1596.83
1600.73
1603.13
1607.03
Camarilla
1592.50
1593.43
1594.37
1596.83
1596.24
1597.17
1598.11
Woodie's
1580.00
1586.25
1590.20
1596.45
1600.40
1606.65
1610.60
DeMark's
-
-
1588.80
1595.75
1599.00
-
-
Technical IndicatorsAug 04, 2022 05:40AM GMT
Name
Value
Action
RSI(14)
73.912
Buy
STOCH(9,6)
66.536
Buy
STOCHRSI(14)
81.927
Overbought
MACD(12,26)
16.910
Buy
ADX(14)
48.244
Buy
Williams %R
-10.824
Overbought
CCI(14)
168.0951
Buy
ATR(14)
11.0643
High Volatility
Highs/Lows(14)
29.3465
Buy
Ultimate Oscillator
71.693
Overbought
ROC
4.164
Buy
Bull/Bear Power(13)
48.6360
Buy
Buy: 8
Sell: 0
Neutral: 0


Summary:Strong Buy
Moving AveragesAug 04, 2022 05:40AM GMT
Period
Simple
Exponential
MA5
1585.52
Buy
1586.27
Buy
MA10
1570.97
Buy
1574.58
Buy
MA20
1555.90
Buy
1563.25
Buy
MA50
1534.00
Buy
1542.12
Buy
MA100
1515.53
Buy
1521.15
Buy
MA200
1492.99
Buy
1501.68
Buy
Buy: 12
Sell: 0


Summary:Strong Buy","Volume: 2,926,709
Bid/Ask: 1,595.65 / 1,595.70
Day's Range: 1,587.50 - 1,603.85"
2022-08-04 05:48:00.000041,"1,592.40 +26.30    +1.68%
01:47:30 - Real-time Data. Currency in INR ( Disclaimer )
Type:  Equity
Market:  India
ISIN:  INE009A01021
S/N:  INFY","Summary:Strong Buy
Moving Averages:Strong BuyBuy (12)Sell (0)
Technical Indicators:Strong BuyBuy (8)Sell (0)
Pivot PointsAug 04, 2022 05:40AM GMT
Name
S3
S2
S1
Pivot Points
R1
R2
R3
Classic
1580.76
1586.63
1590.96
1596.83
1601.16
1607.03
1611.36
Fibonacci
1586.63
1590.53
1592.93
1596.83
1600.73
1603.13
1607.03
Camarilla
1592.50
1593.43
1594.37
1596.83
1596.24
1597.17
1598.11
Woodie's
1580.00
1586.25
1590.20
1596.45
1600.40
1606.65
1610.60
DeMark's
-
-
1588.80
1595.75
1599.00
-
-
Technical IndicatorsAug 04, 2022 05:40AM GMT
Name
Value
Action
RSI(14)
73.912
Buy
STOCH(9,6)
66.536
Buy
STOCHRSI(14)
81.927
Overbought
MACD(12,26)
16.910
Buy
ADX(14)
48.244
Buy
Williams %R
-10.824
Overbought
CCI(14)
168.0951
Buy
ATR(14)
11.0643
High Volatility
Highs/Lows(14)
29.3465
Buy
Ultimate Oscillator
71.693
Overbought
ROC
4.164
Buy
Bull/Bear Power(13)
48.6360
Buy
Buy: 8
Sell: 0
Neutral: 0


Summary:Strong Buy
Moving AveragesAug 04, 2022 05:40AM GMT
Period
Simple
Exponential
MA5
1585.52
Buy
1586.27
Buy
MA10
1570.97
Buy
1574.58
Buy
MA20
1555.90
Buy
1563.25
Buy
MA50
1534.00
Buy
1542.12
Buy
MA100
1515.53
Buy
1521.15
Buy
MA200
1492.99
Buy
1501.68
Buy
Buy: 12
Sell: 0


Summary:Strong Buy","Volume: 3,012,987
Bid/Ask: 1,592.25 / 1,592.40
Day's Range: 1,587.50 - 1,603.85"
2022-08-04 05:50:00.000043,"1,591.30 +25.20    +1.61%
01:49:05 - Real-time Data. Currency in INR ( Disclaimer )
Type:  Equity
Market:  India
ISIN:  INE009A01021
S/N:  INFY","Summary:Strong Buy
Moving Averages:Strong BuyBuy (12)Sell (0)
Technical Indicators:Strong BuyBuy (8)Sell (0)
Pivot PointsAug 04, 2022 05:40AM GMT
Name
S3
S2
S1
Pivot Points
R1
R2
R3
Classic
1580.76
1586.63
1590.96
1596.83
1601.16
1607.03
1611.36
Fibonacci
1586.63
1590.53
1592.93
1596.83
1600.73
1603.13
1607.03
Camarilla
1592.50
1593.43
1594.37
1596.83
1596.24
1597.17
1598.11
Woodie's
1580.00
1586.25
1590.20
1596.45
1600.40
1606.65
1610.60
DeMark's
-
-
1588.80
1595.75
1599.00
-
-
Technical IndicatorsAug 04, 2022 05:40AM GMT
Name
Value
Action
RSI(14)
73.912
Buy
STOCH(9,6)
66.536
Buy
STOCHRSI(14)
81.927
Overbought
MACD(12,26)
16.910
Buy
ADX(14)
48.244
Buy
Williams %R
-10.824
Overbought
CCI(14)
168.0951
Buy
ATR(14)
11.0643
High Volatility
Highs/Lows(14)
29.3465
Buy
Ultimate Oscillator
71.693
Overbought
ROC
4.164
Buy
Bull/Bear Power(13)
48.6360
Buy
Buy: 8
Sell: 0
Neutral: 0


Summary:Strong Buy
Moving AveragesAug 04, 2022 05:40AM GMT
Period
Simple
Exponential
MA5
1585.52
Buy
1586.27
Buy
MA10
1570.97
Buy
1574.58
Buy
MA20
1555.90
Buy
1563.25
Buy
MA50
1534.00
Buy
1542.12
Buy
MA100
1515.53
Buy
1521.15
Buy
MA200
1492.99
Buy
1501.68
Buy
Buy: 12
Sell: 0


Summary:Strong Buy","Volume: 3,050,573
Bid/Ask: 1,591.30 / 1,591.90
Day's Range: 1,587.50 - 1,603.85"
2022-08-04 05:52:00.000041,"1,591.30 +25.20    +1.61%
01:51:40 - Real-time Data. Currency in INR ( Disclaimer )
Type:  Equity
Market:  India
ISIN:  INE009A01021
S/N:  INFY","Summary:Strong Buy
Moving Averages:Strong BuyBuy (12)Sell (0)
Technical Indicators:Strong BuyBuy (10)Sell (0)
Pivot PointsAug 04, 2022 05:50AM GMT
Name
S3
S2
S1
Pivot Points
R1
R2
R3
Classic
1580.76
1586.63
1590.96
1596.83
1601.16
1607.03
1611.36
Fibonacci
1586.63
1590.53
1592.93
1596.83
1600.73
1603.13
1607.03
Camarilla
1592.50
1593.43
1594.37
1596.83
1596.24
1597.17
1598.11
Woodie's
1580.00
1586.25
1590.20
1596.45
1600.40
1606.65
1610.60
DeMark's
-
-
1588.80
1595.75
1599.00
-
-
Technical IndicatorsAug 04, 2022 05:50AM GMT
Name
Value
Action
RSI(14)
70.554
Buy
STOCH(9,6)
65.154
Buy
STOCHRSI(14)
66.689
Buy
MACD(12,26)
16.540
Buy
ADX(14)
45.959
Buy
Williams %R
-17.086
Overbought
CCI(14)
159.3079
Buy
ATR(14)
11.2428
High Volatility
Highs/Lows(14)
24.7465
Buy
Ultimate Oscillator
68.085
Buy
ROC
3.864
Buy
Bull/Bear Power(13)
47.4520
Buy
Buy: 10
Sell: 0
Neutral: 0


Summary:Strong Buy
Moving AveragesAug 04, 2022 05:50AM GMT
Period
Simple
Exponential
MA5
1584.60
Buy
1584.74
Buy
MA10
1570.51
Buy
1573.74
Buy
MA20
1555.67
Buy
1562.81
Buy
MA50
1533.91
Buy
1541.94
Buy
MA100
1515.48
Buy
1521.06
Buy
MA200
1492.96
Buy
1501.64
Buy
Buy: 12
Sell: 0


Summary:Strong Buy","Volume: 3,110,408
Bid/Ask: 1,591.30 / 1,591.55
Day's Range: 1,587.50 - 1,603.85"
2022-08-04 05:54:00.000043,"1,591.55 +25.45    +1.63%
01:53:42 - Real-time Data. Currency in INR ( Disclaimer )
Type:  Equity
Market:  India
ISIN:  INE009A01021
S/N:  INFY","Summary:Strong Buy
Moving Averages:Strong BuyBuy (12)Sell (0)
Technical Indicators:Strong BuyBuy (10)Sell (0)
Pivot PointsAug 04, 2022 05:50AM GMT
Name
S3
S2
S1
Pivot Points
R1
R2
R3
Classic
1580.76
1586.63
1590.96
1596.83
1601.16
1607.03
1611.36
Fibonacci
1586.63
1590.53
1592.93
1596.83
1600.73
1603.13
1607.03
Camarilla
1592.50
1593.43
1594.37
1596.83
1596.24
1597.17
1598.11
Woodie's
1580.00
1586.25
1590.20
1596.45
1600.40
1606.65
1610.60
DeMark's
-
-
1588.80
1595.75
1599.00
-
-
Technical IndicatorsAug 04, 2022 05:50AM GMT
Name
Value
Action
RSI(14)
70.554
Buy
STOCH(9,6)
65.154
Buy
STOCHRSI(14)
66.689
Buy
MACD(12,26)
16.540
Buy
ADX(14)
45.959
Buy
Williams %R
-17.086
Overbought
CCI(14)
159.3079
Buy
ATR(14)
11.2428
High Volatility
Highs/Lows(14)
24.7465
Buy
Ultimate Oscillator
68.085
Buy
ROC
3.864
Buy
Bull/Bear Power(13)
47.4520
Buy
Buy: 10
Sell: 0
Neutral: 0


Summary:Strong Buy
Moving AveragesAug 04, 2022 05:50AM GMT
Period
Simple
Exponential
MA5
1584.60
Buy
1584.74
Buy
MA10
1570.51
Buy
1573.74
Buy
MA20
1555.67
Buy
1562.81
Buy
MA50
1533.91
Buy
1541.94
Buy
MA100
1515.48
Buy
1521.06
Buy
MA200
1492.96
Buy
1501.64
Buy
Buy: 12
Sell: 0


Summary:Strong Buy","Volume: 3,150,133
Bid/Ask: 1,591.40 / 1,591.60
Day's Range: 1,587.50 - 1,603.85"
2022-08-04 05:56:00.000041,"1,591.30 +25.20    +1.61%
01:54:06 - Real-time Data. Currency in INR ( Disclaimer )
Type:  Equity
Market:  India
ISIN:  INE009A01021
S/N:  INFY","Summary:Strong Buy
Moving Averages:Strong BuyBuy (12)Sell (0)
Technical Indicators:Strong BuyBuy (10)Sell (0)
Pivot PointsAug 04, 2022 05:50AM GMT
Name
S3
S2
S1
Pivot Points
R1
R2
R3
Classic
1580.76
1586.63
1590.96
1596.83
1601.16
1607.03
1611.36
Fibonacci
1586.63
1590.53
1592.93
1596.83
1600.73
1603.13
1607.03
Camarilla
1592.50
1593.43
1594.37
1596.83
1596.24
1597.17
1598.11
Woodie's
1580.00
1586.25
1590.20
1596.45
1600.40
1606.65
1610.60
DeMark's
-
-
1588.80
1595.75
1599.00
-
-
Technical IndicatorsAug 04, 2022 05:50AM GMT
Name
Value
Action
RSI(14)
70.554
Buy
STOCH(9,6)
65.154
Buy
STOCHRSI(14)
66.689
Buy
MACD(12,26)
16.540
Buy
ADX(14)
45.959
Buy
Williams %R
-17.086
Overbought
CCI(14)
159.3079
Buy
ATR(14)
11.2428
High Volatility
Highs/Lows(14)
24.7465
Buy
Ultimate Oscillator
68.085
Buy
ROC
3.864
Buy
Bull/Bear Power(13)
47.4520
Buy
Buy: 10
Sell: 0
Neutral: 0


Summary:Strong Buy
Moving AveragesAug 04, 2022 05:50AM GMT
Period
Simple
Exponential
MA5
1584.60
Buy
1584.74
Buy
MA10
1570.51
Buy
1573.74
Buy
MA20
1555.67
Buy
1562.81
Buy
MA50
1533.91
Buy
1541.94
Buy
MA100
1515.48
Buy
1521.06
Buy
MA200
1492.96
Buy
1501.64
Buy
Buy: 12
Sell: 0


Summary:Strong Buy","Volume: 3,154,061
Bid/Ask: 1,591.30 / 1,591.40
Day's Range: 1,587.50 - 1,603.85"
2022-08-04 05:58:00.000040,"1,586.70 +20.60    +1.32%
01:57:30 - Real-time Data. Currency in INR ( Disclaimer )
Type:  Equity
Market:  India
ISIN:  INE009A01021
S/N:  INFY","Summary:Strong Buy
Moving Averages:Strong BuyBuy (12)Sell (0)
Technical Indicators:Strong BuyBuy (10)Sell (0)
Pivot PointsAug 04, 2022 05:50AM GMT
Name
S3
S2
S1
Pivot Points
R1
R2
R3
Classic
1580.76
1586.63
1590.96
1596.83
1601.16
1607.03
1611.36
Fibonacci
1586.63
1590.53
1592.93
1596.83
1600.73
1603.13
1607.03
Camarilla
1592.50
1593.43
1594.37
1596.83
1596.24
1597.17
1598.11
Woodie's
1580.00
1586.25
1590.20
1596.45
1600.40
1606.65
1610.60
DeMark's
-
-
1588.80
1595.75
1599.00
-
-
Technical IndicatorsAug 04, 2022 05:50AM GMT
Name
Value
Action
RSI(14)
70.554
Buy
STOCH(9,6)
65.154
Buy
STOCHRSI(14)
66.689
Buy
MACD(12,26)
16.540
Buy
ADX(14)
45.959
Buy
Williams %R
-17.086
Overbought
CCI(14)
159.3079
Buy
ATR(14)
11.2428
High Volatility
Highs/Lows(14)
24.7465
Buy
Ultimate Oscillator
68.085
Buy
ROC
3.864
Buy
Bull/Bear Power(13)
47.4520
Buy
Buy: 10
Sell: 0
Neutral: 0


Summary:Strong Buy
Moving AveragesAug 04, 2022 05:50AM GMT
Period
Simple
Exponential
MA5
1584.60
Buy
1584.74
Buy
MA10
1570.51
Buy
1573.74
Buy
MA20
1555.67
Buy
1562.81
Buy
MA50
1533.91
Buy
1541.94
Buy
MA100
1515.48
Buy
1521.06
Buy
MA200
1492.96
Buy
1501.64
Buy
Buy: 12
Sell: 0


Summary:Strong Buy","Volume: 3,283,355
Bid/Ask: 1,586.70 / 1,586.80
Day's Range: 1,586.70 - 1,603.85"
2022-08-04 06:00:00.000040,"1,588.00 +21.90    +1.40%
01:59:10 - Real-time Data. Currency in INR ( Disclaimer )
Type:  Equity
Market:  India
ISIN:  INE009A01021
S/N:  INFY","Summary:Strong Buy
Moving Averages:Strong BuyBuy (12)Sell (0)
Technical Indicators:Strong BuyBuy (10)Sell (0)
Pivot PointsAug 04, 2022 05:50AM GMT
Name
S3
S2
S1
Pivot Points
R1
R2
R3
Classic
1580.76
1586.63
1590.96
1596.83
1601.16
1607.03
1611.36
Fibonacci
1586.63
1590.53
1592.93
1596.83
1600.73
1603.13
1607.03
Camarilla
1592.50
1593.43
1594.37
1596.83
1596.24
1597.17
1598.11
Woodie's
1580.00
1586.25
1590.20
1596.45
1600.40
1606.65
1610.60
DeMark's
-
-
1588.80
1595.75
1599.00
-
-
Technical IndicatorsAug 04, 2022 05:50AM GMT
Name
Value
Action
RSI(14)
70.554
Buy
STOCH(9,6)
65.154
Buy
STOCHRSI(14)
66.689
Buy
MACD(12,26)
16.540
Buy
ADX(14)
45.959
Buy
Williams %R
-17.086
Overbought
CCI(14)
159.3079
Buy
ATR(14)
11.2428
High Volatility
Highs/Lows(14)
24.7465
Buy
Ultimate Oscillator
68.085
Buy
ROC
3.864
Buy
Bull/Bear Power(13)
47.4520
Buy
Buy: 10
Sell: 0
Neutral: 0


Summary:Strong Buy
Moving AveragesAug 04, 2022 05:50AM GMT
Period
Simple
Exponential
MA5
1584.60
Buy
1584.74
Buy
MA10
1570.51
Buy
1573.74
Buy
MA20
1555.67
Buy
1562.81
Buy
MA50
1533.91
Buy
1541.94
Buy
MA100
1515.48
Buy
1521.06
Buy
MA200
1492.96
Buy
1501.64
Buy
Buy: 12
Sell: 0


Summary:Strong Buy","Volume: 3,341,755
Bid/Ask: 1,587.50 / 1,588.00
Day's Range: 1,586.40 - 1,603.85"
2022-08-04 06:02:00.000042,"1,591.50 +25.40    +1.62%
02:01:37 - Real-time Data. Currency in INR ( Disclaimer )
Type:  Equity
Market:  India
ISIN:  INE009A01021
S/N:  INFY","Summary:Strong Buy
Moving Averages:Strong BuyBuy (12)Sell (0)
Technical Indicators:Strong BuyBuy (11)Sell (0)
Pivot PointsAug 04, 2022 06:00AM GMT
Name
S3
S2
S1
Pivot Points
R1
R2
R3
Classic
1580.76
1586.63
1590.96
1596.83
1601.16
1607.03
1611.36
Fibonacci
1586.63
1590.53
1592.93
1596.83
1600.73
1603.13
1607.03
Camarilla
1592.50
1593.43
1594.37
1596.83
1596.24
1597.17
1598.11
Woodie's
1580.00
1586.25
1590.20
1596.45
1600.40
1606.65
1610.60
DeMark's
-
-
1588.80
1595.75
1599.00
-
-
Technical IndicatorsAug 04, 2022 06:00AM GMT
Name
Value
Action
RSI(14)
68.128
Buy
STOCH(9,6)
64.162
Buy
STOCHRSI(14)
55.681
Buy
MACD(12,26)
16.280
Buy
ADX(14)
43.402
Buy
Williams %R
-21.579
Buy
CCI(14)
149.5469
Buy
ATR(14)
11.5571
High Volatility
Highs/Lows(14)
21.4464
Buy
Ultimate Oscillator
66.390
Buy
ROC
3.649
Buy
Bull/Bear Power(13)
43.9940
Buy
Buy: 11
Sell: 0
Neutral: 0


Summary:Strong Buy
Moving AveragesAug 04, 2022 06:00AM GMT
Period
Simple
Exponential
MA5
1583.94
Buy
1583.64
Buy
MA10
1570.18
Buy
1573.14
Buy
MA20
1555.50
Buy
1562.49
Buy
MA50
1533.84
Buy
1541.81
Buy
MA100
1515.45
Buy
1520.99
Buy
MA200
1492.95
Buy
1501.61
Buy
Buy: 12
Sell: 0


Summary:Strong Buy","Volume: 3,387,562
Bid/Ask: 1,591.05 / 1,591.50
Day's Range: 1,586.40 - 1,603.85"
2022-08-04 06:04:00.000042,"1,589.40 +23.30    +1.49%
02:03:37 - Real-time Data. Currency in INR ( Disclaimer )
Type:  Equity
Market:  India
ISIN:  INE009A01021
S/N:  INFY","Summary:Strong Buy
Moving Averages:Strong BuyBuy (12)Sell (0)
Technical Indicators:Strong BuyBuy (11)Sell (0)
Pivot PointsAug 04, 2022 06:00AM GMT
Name
S3
S2
S1
Pivot Points
R1
R2
R3
Classic
1580.76
1586.63
1590.96
1596.83
1601.16
1607.03
1611.36
Fibonacci
1586.63
1590.53
1592.93
1596.83
1600.73
1603.13
1607.03
Camarilla
1592.50
1593.43
1594.37
1596.83
1596.24
1597.17
1598.11
Woodie's
1580.00
1586.25
1590.20
1596.45
1600.40
1606.65
1610.60
DeMark's
-
-
1588.80
1595.75
1599.00
-
-
Technical IndicatorsAug 04, 2022 06:00AM GMT
Name
Value
Action
RSI(14)
68.128
Buy
STOCH(9,6)
64.162
Buy
STOCHRSI(14)
55.681
Buy
MACD(12,26)
16.280
Buy
ADX(14)
43.402
Buy
Williams %R
-21.579
Buy
CCI(14)
149.5469
Buy
ATR(14)
11.5571
High Volatility
Highs/Lows(14)
21.4464
Buy
Ultimate Oscillator
66.390
Buy
ROC
3.649
Buy
Bull/Bear Power(13)
43.9940
Buy
Buy: 11
Sell: 0
Neutral: 0


Summary:Strong Buy
Moving AveragesAug 04, 2022 06:00AM GMT
Period
Simple
Exponential
MA5
1583.94
Buy
1583.64
Buy
MA10
1570.18
Buy
1573.14
Buy
MA20
1555.50
Buy
1562.49
Buy
MA50
1533.84
Buy
1541.81
Buy
MA100
1515.45
Buy
1520.99
Buy
MA200
1492.95
Buy
1501.61
Buy
Buy: 12
Sell: 0


Summary:Strong Buy","Volume: 3,415,225
Bid/Ask: 1,589.30 / 1,589.50
Day's Range: 1,586.40 - 1,603.85"
2022-08-04 06:06:00.000040,"1,587.90 +21.80    +1.39%
02:04:13 - Real-time Data. Currency in INR ( Disclaimer )
Type:  Equity
Market:  India
ISIN:  INE009A01021
S/N:  INFY","Summary:Strong Buy
Moving Averages:Strong BuyBuy (12)Sell (0)
Technical Indicators:Strong BuyBuy (11)Sell (0)
Pivot PointsAug 04, 2022 06:00AM GMT
Name
S3
S2
S1
Pivot Points
R1
R2
R3
Classic
1580.76
1586.63
1590.96
1596.83
1601.16
1607.03
1611.36
Fibonacci
1586.63
1590.53
1592.93
1596.83
1600.73
1603.13
1607.03
Camarilla
1592.50
1593.43
1594.37
1596.83
1596.24
1597.17
1598.11
Woodie's
1580.00
1586.25
1590.20
1596.45
1600.40
1606.65
1610.60
DeMark's
-
-
1588.80
1595.75
1599.00
-
-
Technical IndicatorsAug 04, 2022 06:00AM GMT
Name
Value
Action
RSI(14)
68.128
Buy
STOCH(9,6)
64.162
Buy
STOCHRSI(14)
55.681
Buy
MACD(12,26)
16.280
Buy
ADX(14)
43.402
Buy
Williams %R
-21.579
Buy
CCI(14)
149.5469
Buy
ATR(14)
11.5571
High Volatility
Highs/Lows(14)
21.4464
Buy
Ultimate Oscillator
66.390
Buy
ROC
3.649
Buy
Bull/Bear Power(13)
43.9940
Buy
Buy: 11
Sell: 0
Neutral: 0


Summary:Strong Buy
Moving AveragesAug 04, 2022 06:00AM GMT
Period
Simple
Exponential
MA5
1583.94
Buy
1583.64
Buy
MA10
1570.18
Buy
1573.14
Buy
MA20
1555.50
Buy
1562.49
Buy
MA50
1533.84
Buy
1541.81
Buy
MA100
1515.45
Buy
1520.99
Buy
MA200
1492.95
Buy
1501.61
Buy
Buy: 12
Sell: 0


Summary:Strong Buy","Volume: 3,433,842
Bid/Ask: 1,587.45 / 1,587.90
Day's Range: 1,586.40 - 1,603.85"
2022-08-04 06:08:00.000040,"1,587.00 +20.90    +1.33%
02:07:43 - Real-time Data. Currency in INR ( Disclaimer )
Type:  Equity
Market:  India
ISIN:  INE009A01021
S/N:  INFY","Summary:Strong Buy
Moving Averages:Strong BuyBuy (12)Sell (0)
Technical Indicators:Strong BuyBuy (11)Sell (0)
Pivot PointsAug 04, 2022 06:00AM GMT
Name
S3
S2
S1
Pivot Points
R1
R2
R3
Classic
1580.76
1586.63
1590.96
1596.83
1601.16
1607.03
1611.36
Fibonacci
1586.63
1590.53
1592.93
1596.83
1600.73
1603.13
1607.03
Camarilla
1592.50
1593.43
1594.37
1596.83
1596.24
1597.17
1598.11
Woodie's
1580.00
1586.25
1590.20
1596.45
1600.40
1606.65
1610.60
DeMark's
-
-
1588.80
1595.75
1599.00
-
-
Technical IndicatorsAug 04, 2022 06:00AM GMT
Name
Value
Action
RSI(14)
68.128
Buy
STOCH(9,6)
64.162
Buy
STOCHRSI(14)
55.681
Buy
MACD(12,26)
16.280
Buy
ADX(14)
43.402
Buy
Williams %R
-21.579
Buy
CCI(14)
149.5469
Buy
ATR(14)
11.5571
High Volatility
Highs/Lows(14)
21.4464
Buy
Ultimate Oscillator
66.390
Buy
ROC
3.649
Buy
Bull/Bear Power(13)
43.9940
Buy
Buy: 11
Sell: 0
Neutral: 0


Summary:Strong Buy
Moving AveragesAug 04, 2022 06:00AM GMT
Period
Simple
Exponential
MA5
1583.94
Buy
1583.64
Buy
MA10
1570.18
Buy
1573.14
Buy
MA20
1555.50
Buy
1562.49
Buy
MA50
1533.84
Buy
1541.81
Buy
MA100
1515.45
Buy
1520.99
Buy
MA200
1492.95
Buy
1501.61
Buy
Buy: 12
Sell: 0


Summary:Strong Buy","Volume: 3,520,366
Bid/Ask: 1,587.00 / 1,587.05
Day's Range: 1,585.05 - 1,603.85"
2022-08-04 06:10:00.000044,"1,585.95 +19.85    +1.27%
02:09:13 - Real-time Data. Currency in INR ( Disclaimer )
Type:  Equity
Market:  India
ISIN:  INE009A01021
S/N:  INFY","Summary:Strong Buy
Moving Averages:Strong BuyBuy (12)Sell (0)
Technical Indicators:Strong BuyBuy (11)Sell (0)
Pivot PointsAug 04, 2022 06:00AM GMT
Name
S3
S2
S1
Pivot Points
R1
R2
R3
Classic
1580.76
1586.63
1590.96
1596.83
1601.16
1607.03
1611.36
Fibonacci
1586.63
1590.53
1592.93
1596.83
1600.73
1603.13
1607.03
Camarilla
1592.50
1593.43
1594.37
1596.83
1596.24
1597.17
1598.11
Woodie's
1580.00
1586.25
1590.20
1596.45
1600.40
1606.65
1610.60
DeMark's
-
-
1588.80
1595.75
1599.00
-
-
Technical IndicatorsAug 04, 2022 06:00AM GMT
Name
Value
Action
RSI(14)
68.128
Buy
STOCH(9,6)
64.162
Buy
STOCHRSI(14)
55.681
Buy
MACD(12,26)
16.280
Buy
ADX(14)
43.402
Buy
Williams %R
-21.579
Buy
CCI(14)
149.5469
Buy
ATR(14)
11.5571
High Volatility
Highs/Lows(14)
21.4464
Buy
Ultimate Oscillator
66.390
Buy
ROC
3.649
Buy
Bull/Bear Power(13)
43.9940
Buy
Buy: 11
Sell: 0
Neutral: 0


Summary:Strong Buy
Moving AveragesAug 04, 2022 06:00AM GMT
Period
Simple
Exponential
MA5
1583.94
Buy
1583.64
Buy
MA10
1570.18
Buy
1573.14
Buy
MA20
1555.50
Buy
1562.49
Buy
MA50
1533.84
Buy
1541.81
Buy
MA100
1515.45
Buy
1520.99
Buy
MA200
1492.95
Buy
1501.61
Buy
Buy: 12
Sell: 0


Summary:Strong Buy","Volume: 3,561,622
Bid/Ask: 1,585.90 / 1,585.95
Day's Range: 1,585.05 - 1,603.85"
2022-08-04 06:12:00.000041,"1,584.30 +18.20    +1.16%
02:11:37 - Real-time Data. Currency in INR ( Disclaimer )
Type:  Equity
Market:  India
ISIN:  INE009A01021
S/N:  INFY","Summary:Strong Buy
Moving Averages:Strong BuyBuy (11)Sell (1)
Technical Indicators:Strong BuyBuy (10)Sell (0)
Pivot PointsAug 04, 2022 06:10AM GMT
Name
S3
S2
S1
Pivot Points
R1
R2
R3
Classic
1572.80
1579.70
1583.85
1590.75
1594.90
1601.80
1605.95
Fibonacci
1579.70
1583.92
1586.53
1590.75
1594.97
1597.58
1601.80
Camarilla
1584.96
1585.97
1586.99
1590.75
1589.01
1590.03
1591.04
Woodie's
1571.42
1579.01
1582.47
1590.06
1593.52
1601.11
1604.57
DeMark's
-
-
1581.77
1589.71
1592.83
-
-
Technical IndicatorsAug 04, 2022 06:10AM GMT
Name
Value
Action
RSI(14)
66.597
Buy
STOCH(9,6)
68.198
Buy
STOCHRSI(14)
48.734
Neutral
MACD(12,26)
15.790
Buy
ADX(14)
44.966
Buy
Williams %R
-26.499
Buy
CCI(14)
112.1363
Buy
ATR(14)
11.2286
High Volatility
Highs/Lows(14)
15.8214
Buy
Ultimate Oscillator
61.986
Buy
ROC
2.960
Buy
Bull/Bear Power(13)
32.9881
Buy
Buy: 10
Sell: 0
Neutral: 1


Summary:Strong Buy
Moving AveragesAug 04, 2022 06:10AM GMT
Period
Simple
Exponential
MA5
1587.15
Sell
1584.60
Buy
MA10
1573.26
Buy
1575.34
Buy
MA20
1557.24
Buy
1564.89
Buy
MA50
1536.39
Buy
1543.68
Buy
MA100
1516.41
Buy
1522.28
Buy
MA200
1493.56
Buy
1502.48
Buy
Buy: 11
Sell: 1


Summary:Strong Buy","Volume: 3,630,822
Bid/Ask: 1,584.05 / 1,584.20
Day's Range: 1,583.20 - 1,603.85"
2022-08-04 06:14:00.000038,"1,581.40 +15.30    +0.98%
02:13:32 - Real-time Data. Currency in INR ( Disclaimer )
Type:  Equity
Market:  India
ISIN:  INE009A01021
S/N:  INFY","Summary:Strong Buy
Moving Averages:Strong BuyBuy (11)Sell (1)
Technical Indicators:Strong BuyBuy (10)Sell (0)
Pivot PointsAug 04, 2022 06:10AM GMT
Name
S3
S2
S1
Pivot Points
R1
R2
R3
Classic
1572.80
1579.70
1583.85
1590.75
1594.90
1601.80
1605.95
Fibonacci
1579.70
1583.92
1586.53
1590.75
1594.97
1597.58
1601.80
Camarilla
1584.96
1585.97
1586.99
1590.75
1589.01
1590.03
1591.04
Woodie's
1571.42
1579.01
1582.47
1590.06
1593.52
1601.11
1604.57
DeMark's
-
-
1581.77
1589.71
1592.83
-
-
Technical IndicatorsAug 04, 2022 06:10AM GMT
Name
Value
Action
RSI(14)
66.597
Buy
STOCH(9,6)
68.198
Buy
STOCHRSI(14)
48.734
Neutral
MACD(12,26)
15.790
Buy
ADX(14)
44.966
Buy
Williams %R
-26.499
Buy
CCI(14)
112.1363
Buy
ATR(14)
11.2286
High Volatility
Highs/Lows(14)
15.8214
Buy
Ultimate Oscillator
61.986
Buy
ROC
2.960
Buy
Bull/Bear Power(13)
32.9881
Buy
Buy: 10
Sell: 0
Neutral: 1


Summary:Strong Buy
Moving AveragesAug 04, 2022 06:10AM GMT
Period
Simple
Exponential
MA5
1587.15
Sell
1584.60
Buy
MA10
1573.26
Buy
1575.34
Buy
MA20
1557.24
Buy
1564.89
Buy
MA50
1536.39
Buy
1543.68
Buy
MA100
1516.41
Buy
1522.28
Buy
MA200
1493.56
Buy
1502.48
Buy
Buy: 11
Sell: 1


Summary:Strong Buy","Volume: 3,703,854
Bid/Ask: 1,581.30 / 1,581.40
Day's Range: 1,581.30 - 1,603.85"
2022-08-04 06:16:00.000039,"1,581.15 +15.05    +0.96%
02:14:15 - Real-time Data. Currency in INR ( Disclaimer )
Type:  Equity
Market:  India
ISIN:  INE009A01021
S/N:  INFY","Summary:Strong Buy
Moving Averages:Strong BuyBuy (11)Sell (1)
Technical Indicators:Strong BuyBuy (10)Sell (0)
Pivot PointsAug 04, 2022 06:10AM GMT
Name
S3
S2
S1
Pivot Points
R1
R2
R3
Classic
1572.80
1579.70
1583.85
1590.75
1594.90
1601.80
1605.95
Fibonacci
1579.70
1583.92
1586.53
1590.75
1594.97
1597.58
1601.80
Camarilla
1584.96
1585.97
1586.99
1590.75
1589.01
1590.03
1591.04
Woodie's
1571.42
1579.01
1582.47
1590.06
1593.52
1601.11
1604.57
DeMark's
-
-
1581.77
1589.71
1592.83
-
-
Technical IndicatorsAug 04, 2022 06:10AM GMT
Name
Value
Action
RSI(14)
66.597
Buy
STOCH(9,6)
68.198
Buy
STOCHRSI(14)
48.734
Neutral
MACD(12,26)
15.790
Buy
ADX(14)
44.966
Buy
Williams %R
-26.499
Buy
CCI(14)
112.1363
Buy
ATR(14)
11.2286
High Volatility
Highs/Lows(14)
15.8214
Buy
Ultimate Oscillator
61.986
Buy
ROC
2.960
Buy
Bull/Bear Power(13)
32.9881
Buy
Buy: 10
Sell: 0
Neutral: 1


Summary:Strong Buy
Moving AveragesAug 04, 2022 06:10AM GMT
Period
Simple
Exponential
MA5
1587.15
Sell
1584.60
Buy
MA10
1573.26
Buy
1575.34
Buy
MA20
1557.24
Buy
1564.89
Buy
MA50
1536.39
Buy
1543.68
Buy
MA100
1516.41
Buy
1522.28
Buy
MA200
1493.56
Buy
1502.48
Buy
Buy: 11
Sell: 1


Summary:Strong Buy","Volume: 3,720,885
Bid/Ask: 1,580.75 / 1,581.10
Day's Range: 1,581.05 - 1,603.85"
2022-08-04 06:18:00.000038,"1,576.80 +10.70    +0.68%
02:17:12 - Real-time Data. Currency in INR ( Disclaimer )
Type:  Equity
Market:  India
ISIN:  INE009A01021
S/N:  INFY","Summary:Strong Buy
Moving Averages:Strong BuyBuy (11)Sell (1)
Technical Indicators:Strong BuyBuy (10)Sell (0)
Pivot PointsAug 04, 2022 06:10AM GMT
Name
S3
S2
S1
Pivot Points
R1
R2
R3
Classic
1572.80
1579.70
1583.85
1590.75
1594.90
1601.80
1605.95
Fibonacci
1579.70
1583.92
1586.53
1590.75
1594.97
1597.58
1601.80
Camarilla
1584.96
1585.97
1586.99
1590.75
1589.01
1590.03
1591.04
Woodie's
1571.42
1579.01
1582.47
1590.06
1593.52
1601.11
1604.57
DeMark's
-
-
1581.77
1589.71
1592.83
-
-
Technical IndicatorsAug 04, 2022 06:10AM GMT
Name
Value
Action
RSI(14)
66.597
Buy
STOCH(9,6)
68.198
Buy
STOCHRSI(14)
48.734
Neutral
MACD(12,26)
15.790
Buy
ADX(14)
44.966
Buy
Williams %R
-26.499
Buy
CCI(14)
112.1363
Buy
ATR(14)
11.2286
High Volatility
Highs/Lows(14)
15.8214
Buy
Ultimate Oscillator
61.986
Buy
ROC
2.960
Buy
Bull/Bear Power(13)
32.9881
Buy
Buy: 10
Sell: 0
Neutral: 1


Summary:Strong Buy
Moving AveragesAug 04, 2022 06:10AM GMT
Period
Simple
Exponential
MA5
1587.15
Sell
1584.60
Buy
MA10
1573.26
Buy
1575.34
Buy
MA20
1557.24
Buy
1564.89
Buy
MA50
1536.39
Buy
1543.68
Buy
MA100
1516.41
Buy
1522.28
Buy
MA200
1493.56
Buy
1502.48
Buy
Buy: 11
Sell: 1


Summary:Strong Buy","Volume: 3,805,564
Bid/Ask: 1,576.80 / 1,577.30
Day's Range: 1,577.00 - 1,603.85"
2022-08-04 06:20:00.000044,"1,580.25 +14.15    +0.90%
02:19:35 - Real-time Data. Currency in INR ( Disclaimer )
Type:  Equity
Market:  India
ISIN:  INE009A01021
S/N:  INFY","Summary:Strong Buy
Moving Averages:Strong BuyBuy (11)Sell (1)
Technical Indicators:Strong BuyBuy (10)Sell (0)
Pivot PointsAug 04, 2022 06:10AM GMT
Name
S3
S2
S1
Pivot Points
R1
R2
R3
Classic
1572.80
1579.70
1583.85
1590.75
1594.90
1601.80
1605.95
Fibonacci
1579.70
1583.92
1586.53
1590.75
1594.97
1597.58
1601.80
Camarilla
1584.96
1585.97
1586.99
1590.75
1589.01
1590.03
1591.04
Woodie's
1571.42
1579.01
1582.47
1590.06
1593.52
1601.11
1604.57
DeMark's
-
-
1581.77
1589.71
1592.83
-
-
Technical IndicatorsAug 04, 2022 06:10AM GMT
Name
Value
Action
RSI(14)
66.597
Buy
STOCH(9,6)
68.198
Buy
STOCHRSI(14)
48.734
Neutral
MACD(12,26)
15.790
Buy
ADX(14)
44.966
Buy
Williams %R
-26.499
Buy
CCI(14)
112.1363
Buy
ATR(14)
11.2286
High Volatility
Highs/Lows(14)
15.8214
Buy
Ultimate Oscillator
61.986
Buy
ROC
2.960
Buy
Bull/Bear Power(13)
32.9881
Buy
Buy: 10
Sell: 0
Neutral: 1


Summary:Strong Buy
Moving AveragesAug 04, 2022 06:10AM GMT
Period
Simple
Exponential
MA5
1587.15
Sell
1584.60
Buy
MA10
1573.26
Buy
1575.34
Buy
MA20
1557.24
Buy
1564.89
Buy
MA50
1536.39
Buy
1543.68
Buy
MA100
1516.41
Buy
1522.28
Buy
MA200
1493.56
Buy
1502.48
Buy
Buy: 11
Sell: 1


Summary:Strong Buy","Volume: 3,897,371
Bid/Ask: 1,580.25 / 1,580.30
Day's Range: 1,574.95 - 1,603.85"
2022-08-04 06:22:00.000040,"1,582.65 +16.55    +1.06%
02:21:30 - Real-time Data. Currency in INR ( Disclaimer )
Type:  Equity
Market:  India
ISIN:  INE009A01021
S/N:  INFY","Summary:Strong Buy
Moving Averages:Strong BuyBuy (10)Sell (2)
Technical Indicators:Strong BuyBuy (10)Sell (1)
Pivot PointsAug 04, 2022 06:20AM GMT
Name
S3
S2
S1
Pivot Points
R1
R2
R3
Classic
1572.80
1579.70
1583.85
1590.75
1594.90
1601.80
1605.95
Fibonacci
1579.70
1583.92
1586.53
1590.75
1594.97
1597.58
1601.80
Camarilla
1584.96
1585.97
1586.99
1590.75
1589.01
1590.03
1591.04
Woodie's
1571.42
1579.01
1582.47
1590.06
1593.52
1601.11
1604.57
DeMark's
-
-
1581.77
1589.71
1592.83
-
-
Technical IndicatorsAug 04, 2022 06:20AM GMT
Name
Value
Action
RSI(14)
62.293
Buy
STOCH(9,6)
66.305
Buy
STOCHRSI(14)
29.204
Sell
MACD(12,26)
15.280
Buy
ADX(14)
42.269
Buy
Williams %R
-35.825
Buy
CCI(14)
92.9688
Buy
ATR(14)
11.8178
High Volatility
Highs/Lows(14)
9.5215
Buy
Ultimate Oscillator
59.389
Buy
ROC
2.551
Buy
Bull/Bear Power(13)
26.5381
Buy
Buy: 10
Sell: 1
Neutral: 0


Summary:Strong Buy
Moving AveragesAug 04, 2022 06:20AM GMT
Period
Simple
Exponential
MA5
1585.89
Sell
1582.50
Sell
MA10
1572.63
Buy
1574.19
Buy
MA20
1556.93
Buy
1564.29
Buy
MA50
1536.26
Buy
1543.43
Buy
MA100
1516.35
Buy
1522.15
Buy
MA200
1493.53
Buy
1502.42
Buy
Buy: 10
Sell: 2


Summary:Strong Buy","Volume: 3,947,771
Bid/Ask: 1,582.65 / 1,582.80
Day's Range: 1,574.95 - 1,603.85"
2022-08-04 06:24:00.000040,"1,588.95 +22.85    +1.46%
02:23:40 - Real-time Data. Currency in INR ( Disclaimer )
Type:  Equity
Market:  India
ISIN:  INE009A01021
S/N:  INFY","Summary:Strong Buy
Moving Averages:Strong BuyBuy (10)Sell (2)
Technical Indicators:Strong BuyBuy (10)Sell (1)
Pivot PointsAug 04, 2022 06:20AM GMT
Name
S3
S2
S1
Pivot Points
R1
R2
R3
Classic
1572.80
1579.70
1583.85
1590.75
1594.90
1601.80
1605.95
Fibonacci
1579.70
1583.92
1586.53
1590.75
1594.97
1597.58
1601.80
Camarilla
1584.96
1585.97
1586.99
1590.75
1589.01
1590.03
1591.04
Woodie's
1571.42
1579.01
1582.47
1590.06
1593.52
1601.11
1604.57
DeMark's
-
-
1581.77
1589.71
1592.83
-
-
Technical IndicatorsAug 04, 2022 06:20AM GMT
Name
Value
Action
RSI(14)
62.293
Buy
STOCH(9,6)
66.305
Buy
STOCHRSI(14)
29.204
Sell
MACD(12,26)
15.280
Buy
ADX(14)
42.269
Buy
Williams %R
-35.825
Buy
CCI(14)
92.9688
Buy
ATR(14)
11.8178
High Volatility
Highs/Lows(14)
9.5215
Buy
Ultimate Oscillator
59.389
Buy
ROC
2.551
Buy
Bull/Bear Power(13)
26.5381
Buy
Buy: 10
Sell: 1
Neutral: 0


Summary:Strong Buy
Moving AveragesAug 04, 2022 06:20AM GMT
Period
Simple
Exponential
MA5
1585.89
Sell
1582.50
Sell
MA10
1572.63
Buy
1574.19
Buy
MA20
1556.93
Buy
1564.29
Buy
MA50
1536.26
Buy
1543.43
Buy
MA100
1516.35
Buy
1522.15
Buy
MA200
1493.53
Buy
1502.42
Buy
Buy: 10
Sell: 2


Summary:Strong Buy","Volume: 4,027,216
Bid/Ask: 1,588.35 / 1,588.95
Day's Range: 1,574.95 - 1,603.85"
2022-08-04 06:26:00.000040,"1,587.65 +21.55    +1.38%
02:25:30 - Real-time Data. Currency in INR ( Disclaimer )
Type:  Equity
Market:  India
ISIN:  INE009A01021
S/N:  INFY","Summary:Strong Buy
Moving Averages:Strong BuyBuy (10)Sell (2)
Technical Indicators:Strong BuyBuy (10)Sell (1)
Pivot PointsAug 04, 2022 06:20AM GMT
Name
S3
S2
S1
Pivot Points
R1
R2
R3
Classic
1572.80
1579.70
1583.85
1590.75
1594.90
1601.80
1605.95
Fibonacci
1579.70
1583.92
1586.53
1590.75
1594.97
1597.58
1601.80
Camarilla
1584.96
1585.97
1586.99
1590.75
1589.01
1590.03
1591.04
Woodie's
1571.42
1579.01
1582.47
1590.06
1593.52
1601.11
1604.57
DeMark's
-
-
1581.77
1589.71
1592.83
-
-
Technical IndicatorsAug 04, 2022 06:20AM GMT
Name
Value
Action
RSI(14)
62.293
Buy
STOCH(9,6)
66.305
Buy
STOCHRSI(14)
29.204
Sell
MACD(12,26)
15.280
Buy
ADX(14)
42.269
Buy
Williams %R
-35.825
Buy
CCI(14)
92.9688
Buy
ATR(14)
11.8178
High Volatility
Highs/Lows(14)
9.5215
Buy
Ultimate Oscillator
59.389
Buy
ROC
2.551
Buy
Bull/Bear Power(13)
26.5381
Buy
Buy: 10
Sell: 1
Neutral: 0


Summary:Strong Buy
Moving AveragesAug 04, 2022 06:20AM GMT
Period
Simple
Exponential
MA5
1585.89
Sell
1582.50
Sell
MA10
1572.63
Buy
1574.19
Buy
MA20
1556.93
Buy
1564.29
Buy
MA50
1536.26
Buy
1543.43
Buy
MA100
1516.35
Buy
1522.15
Buy
MA200
1493.53
Buy
1502.42
Buy
Buy: 10
Sell: 2


Summary:Strong Buy","Volume: 4,077,695
Bid/Ask: 1,587.50 / 1,587.65
Day's Range: 1,574.95 - 1,603.85"
2022-08-04 06:28:00.000041,"1,586.00 +19.90    +1.27%
02:27:30 - Real-time Data. Currency in INR ( Disclaimer )
Type:  Equity
Market:  India
ISIN:  INE009A01021
S/N:  INFY","Summary:Strong Buy
Moving Averages:Strong BuyBuy (10)Sell (2)
Technical Indicators:Strong BuyBuy (10)Sell (1)
Pivot PointsAug 04, 2022 06:20AM GMT
Name
S3
S2
S1
Pivot Points
R1
R2
R3
Classic
1572.80
1579.70
1583.85
1590.75
1594.90
1601.80
1605.95
Fibonacci
1579.70
1583.92
1586.53
1590.75
1594.97
1597.58
1601.80
Camarilla
1584.96
1585.97
1586.99
1590.75
1589.01
1590.03
1591.04
Woodie's
1571.42
1579.01
1582.47
1590.06
1593.52
1601.11
1604.57
DeMark's
-
-
1581.77
1589.71
1592.83
-
-
Technical IndicatorsAug 04, 2022 06:20AM GMT
Name
Value
Action
RSI(14)
62.293
Buy
STOCH(9,6)
66.305
Buy
STOCHRSI(14)
29.204
Sell
MACD(12,26)
15.280
Buy
ADX(14)
42.269
Buy
Williams %R
-35.825
Buy
CCI(14)
92.9688
Buy
ATR(14)
11.8178
High Volatility
Highs/Lows(14)
9.5215
Buy
Ultimate Oscillator
59.389
Buy
ROC
2.551
Buy
Bull/Bear Power(13)
26.5381
Buy
Buy: 10
Sell: 1
Neutral: 0


Summary:Strong Buy
Moving AveragesAug 04, 2022 06:20AM GMT
Period
Simple
Exponential
MA5
1585.89
Sell
1582.50
Sell
MA10
1572.63
Buy
1574.19
Buy
MA20
1556.93
Buy
1564.29
Buy
MA50
1536.26
Buy
1543.43
Buy
MA100
1516.35
Buy
1522.15
Buy
MA200
1493.53
Buy
1502.42
Buy
Buy: 10
Sell: 2


Summary:Strong Buy","Volume: 4,105,681
Bid/Ask: 1,585.95 / 1,586.00
Day's Range: 1,574.95 - 1,603.85"
2022-08-04 06:30:00.000040,"1,584.35 +18.25    +1.17%
02:29:35 - Real-time Data. Currency in INR ( Disclaimer )
Type:  Equity
Market:  India
ISIN:  INE009A01021
S/N:  INFY","Summary:Strong Buy
Moving Averages:Strong BuyBuy (10)Sell (2)
Technical Indicators:Strong BuyBuy (10)Sell (1)
Pivot PointsAug 04, 2022 06:20AM GMT
Name
S3
S2
S1
Pivot Points
R1
R2
R3
Classic
1572.80
1579.70
1583.85
1590.75
1594.90
1601.80
1605.95
Fibonacci
1579.70
1583.92
1586.53
1590.75
1594.97
1597.58
1601.80
Camarilla
1584.96
1585.97
1586.99
1590.75
1589.01
1590.03
1591.04
Woodie's
1571.42
1579.01
1582.47
1590.06
1593.52
1601.11
1604.57
DeMark's
-
-
1581.77
1589.71
1592.83
-
-
Technical IndicatorsAug 04, 2022 06:20AM GMT
Name
Value
Action
RSI(14)
62.293
Buy
STOCH(9,6)
66.305
Buy
STOCHRSI(14)
29.204
Sell
MACD(12,26)
15.280
Buy
ADX(14)
42.269
Buy
Williams %R
-35.825
Buy
CCI(14)
92.9688
Buy
ATR(14)
11.8178
High Volatility
Highs/Lows(14)
9.5215
Buy
Ultimate Oscillator
59.389
Buy
ROC
2.551
Buy
Bull/Bear Power(13)
26.5381
Buy
Buy: 10
Sell: 1
Neutral: 0


Summary:Strong Buy
Moving AveragesAug 04, 2022 06:20AM GMT
Period
Simple
Exponential
MA5
1585.89
Sell
1582.50
Sell
MA10
1572.63
Buy
1574.19
Buy
MA20
1556.93
Buy
1564.29
Buy
MA50
1536.26
Buy
1543.43
Buy
MA100
1516.35
Buy
1522.15
Buy
MA200
1493.53
Buy
1502.42
Buy
Buy: 10
Sell: 2


Summary:Strong Buy","Volume: 4,128,422
Bid/Ask: 1,584.35 / 1,584.75
Day's Range: 1,574.95 - 1,603.85"
2022-08-04 06:32:00.000045,"1,585.40 +19.30    +1.23%
02:31:34 - Real-time Data. Currency in INR ( Disclaimer )
Type:  Equity
Market:  India
ISIN:  INE009A01021
S/N:  INFY","Summary:Strong Buy
Moving Averages:Strong BuyBuy (11)Sell (1)
Technical Indicators:Strong BuyBuy (10)Sell (1)
Pivot PointsAug 04, 2022 06:30AM GMT
Name
S3
S2
S1
Pivot Points
R1
R2
R3
Classic
1572.80
1579.70
1583.85
1590.75
1594.90
1601.80
1605.95
Fibonacci
1579.70
1583.92
1586.53
1590.75
1594.97
1597.58
1601.80
Camarilla
1584.96
1585.97
1586.99
1590.75
1589.01
1590.03
1591.04
Woodie's
1571.42
1579.01
1582.47
1590.06
1593.52
1601.11
1604.57
DeMark's
-
-
1581.77
1589.71
1592.83
-
-
Technical IndicatorsAug 04, 2022 06:30AM GMT
Name
Value
Action
RSI(14)
65.625
Buy
STOCH(9,6)
67.793
Buy
STOCHRSI(14)
44.323
Sell
MACD(12,26)
15.680
Buy
ADX(14)
42.269
Buy
Williams %R
-28.497
Buy
CCI(14)
99.5893
Buy
ATR(14)
11.8178
High Volatility
Highs/Lows(14)
14.4714
Buy
Ultimate Oscillator
63.441
Buy
ROC
2.873
Buy
Bull/Bear Power(13)
25.1241
Buy
Buy: 10
Sell: 1
Neutral: 0


Summary:Strong Buy
Moving AveragesAug 04, 2022 06:30AM GMT
Period
Simple
Exponential
MA5
1586.88
Sell
1584.15
Buy
MA10
1573.12
Buy
1575.09
Buy
MA20
1557.18
Buy
1564.76
Buy
MA50
1536.36
Buy
1543.63
Buy
MA100
1516.40
Buy
1522.25
Buy
MA200
1493.56
Buy
1502.47
Buy
Buy: 11
Sell: 1


Summary:Strong Buy","Volume: 4,156,587
Bid/Ask: 1,585.30 / 1,585.40
Day's Range: 1,574.95 - 1,603.85"
2022-08-04 06:34:00.000041,"1,586.60 +20.50    +1.31%
02:33:40 - Real-time Data. Currency in INR ( Disclaimer )
Type:  Equity
Market:  India
ISIN:  INE009A01021
S/N:  INFY","Summary:Strong Buy
Moving Averages:Strong BuyBuy (11)Sell (1)
Technical Indicators:Strong BuyBuy (10)Sell (1)
Pivot PointsAug 04, 2022 06:30AM GMT
Name
S3
S2
S1
Pivot Points
R1
R2
R3
Classic
1572.80
1579.70
1583.85
1590.75
1594.90
1601.80
1605.95
Fibonacci
1579.70
1583.92
1586.53
1590.75
1594.97
1597.58
1601.80
Camarilla
1584.96
1585.97
1586.99
1590.75
1589.01
1590.03
1591.04
Woodie's
1571.42
1579.01
1582.47
1590.06
1593.52
1601.11
1604.57
DeMark's
-
-
1581.77
1589.71
1592.83
-
-
Technical IndicatorsAug 04, 2022 06:30AM GMT
Name
Value
Action
RSI(14)
65.625
Buy
STOCH(9,6)
67.793
Buy
STOCHRSI(14)
44.323
Sell
MACD(12,26)
15.680
Buy
ADX(14)
42.269
Buy
Williams %R
-28.497
Buy
CCI(14)
99.5893
Buy
ATR(14)
11.8178
High Volatility
Highs/Lows(14)
14.4714
Buy
Ultimate Oscillator
63.441
Buy
ROC
2.873
Buy
Bull/Bear Power(13)
25.1241
Buy
Buy: 10
Sell: 1
Neutral: 0


Summary:Strong Buy
Moving AveragesAug 04, 2022 06:30AM GMT
Period
Simple
Exponential
MA5
1586.88
Sell
1584.15
Buy
MA10
1573.12
Buy
1575.09
Buy
MA20
1557.18
Buy
1564.76
Buy
MA50
1536.36
Buy
1543.63
Buy
MA100
1516.40
Buy
1522.25
Buy
MA200
1493.56
Buy
1502.47
Buy
Buy: 11
Sell: 1


Summary:Strong Buy","Volume: 4,174,253
Bid/Ask: 1,586.60 / 1,586.65
Day's Range: 1,574.95 - 1,603.85"
2022-08-04 06:36:00.000039,"1,587.00 +20.90    +1.33%
02:35:40 - Real-time Data. Currency in INR ( Disclaimer )
Type:  Equity
Market:  India
ISIN:  INE009A01021
S/N:  INFY","Summary:Strong Buy
Moving Averages:Strong BuyBuy (11)Sell (1)
Technical Indicators:Strong BuyBuy (10)Sell (1)
Pivot PointsAug 04, 2022 06:30AM GMT
Name
S3
S2
S1
Pivot Points
R1
R2
R3
Classic
1572.80
1579.70
1583.85
1590.75
1594.90
1601.80
1605.95
Fibonacci
1579.70
1583.92
1586.53
1590.75
1594.97
1597.58
1601.80
Camarilla
1584.96
1585.97
1586.99
1590.75
1589.01
1590.03
1591.04
Woodie's
1571.42
1579.01
1582.47
1590.06
1593.52
1601.11
1604.57
DeMark's
-
-
1581.77
1589.71
1592.83
-
-
Technical IndicatorsAug 04, 2022 06:30AM GMT
Name
Value
Action
RSI(14)
65.625
Buy
STOCH(9,6)
67.793
Buy
STOCHRSI(14)
44.323
Sell
MACD(12,26)
15.680
Buy
ADX(14)
42.269
Buy
Williams %R
-28.497
Buy
CCI(14)
99.5893
Buy
ATR(14)
11.8178
High Volatility
Highs/Lows(14)
14.4714
Buy
Ultimate Oscillator
63.441
Buy
ROC
2.873
Buy
Bull/Bear Power(13)
25.1241
Buy
Buy: 10
Sell: 1
Neutral: 0


Summary:Strong Buy
Moving AveragesAug 04, 2022 06:30AM GMT
Period
Simple
Exponential
MA5
1586.88
Sell
1584.15
Buy
MA10
1573.12
Buy
1575.09
Buy
MA20
1557.18
Buy
1564.76
Buy
MA50
1536.36
Buy
1543.63
Buy
MA100
1516.40
Buy
1522.25
Buy
MA200
1493.56
Buy
1502.47
Buy
Buy: 11
Sell: 1


Summary:Strong Buy","Volume: 4,190,294
Bid/Ask: 1,586.95 / 1,587.00
Day's Range: 1,574.95 - 1,603.85"
2022-08-04 06:38:00.000041,"1,586.80 +20.70    +1.32%
02:37:35 - Real-time Data. Currency in INR ( Disclaimer )
Type:  Equity
Market:  India
ISIN:  INE009A01021
S/N:  INFY","Summary:Strong Buy
Moving Averages:Strong BuyBuy (11)Sell (1)
Technical Indicators:Strong BuyBuy (10)Sell (1)
Pivot PointsAug 04, 2022 06:30AM GMT
Name
S3
S2
S1
Pivot Points
R1
R2
R3
Classic
1572.80
1579.70
1583.85
1590.75
1594.90
1601.80
1605.95
Fibonacci
1579.70
1583.92
1586.53
1590.75
1594.97
1597.58
1601.80
Camarilla
1584.96
1585.97
1586.99
1590.75
1589.01
1590.03
1591.04
Woodie's
1571.42
1579.01
1582.47
1590.06
1593.52
1601.11
1604.57
DeMark's
-
-
1581.77
1589.71
1592.83
-
-
Technical IndicatorsAug 04, 2022 06:30AM GMT
Name
Value
Action
RSI(14)
65.625
Buy
STOCH(9,6)
67.793
Buy
STOCHRSI(14)
44.323
Sell
MACD(12,26)
15.680
Buy
ADX(14)
42.269
Buy
Williams %R
-28.497
Buy
CCI(14)
99.5893
Buy
ATR(14)
11.8178
High Volatility
Highs/Lows(14)
14.4714
Buy
Ultimate Oscillator
63.441
Buy
ROC
2.873
Buy
Bull/Bear Power(13)
25.1241
Buy
Buy: 10
Sell: 1
Neutral: 0


Summary:Strong Buy
Moving AveragesAug 04, 2022 06:30AM GMT
Period
Simple
Exponential
MA5
1586.88
Sell
1584.15
Buy
MA10
1573.12
Buy
1575.09
Buy
MA20
1557.18
Buy
1564.76
Buy
MA50
1536.36
Buy
1543.63
Buy
MA100
1516.40
Buy
1522.25
Buy
MA200
1493.56
Buy
1502.47
Buy
Buy: 11
Sell: 1


Summary:Strong Buy","Volume: 4,218,085
Bid/Ask: 1,586.80 / 1,586.90
Day's Range: 1,574.95 - 1,603.85"
2022-08-04 06:40:00.000040,"1,590.95 +24.85    +1.59%
02:39:35 - Real-time Data. Currency in INR ( Disclaimer )
Type:  Equity
Market:  India
ISIN:  INE009A01021
S/N:  INFY","Summary:Strong Buy
Moving Averages:Strong BuyBuy (11)Sell (1)
Technical Indicators:Strong BuyBuy (10)Sell (1)
Pivot PointsAug 04, 2022 06:30AM GMT
Name
S3
S2
S1
Pivot Points
R1
R2
R3
Classic
1572.80
1579.70
1583.85
1590.75
1594.90
1601.80
1605.95
Fibonacci
1579.70
1583.92
1586.53
1590.75
1594.97
1597.58
1601.80
Camarilla
1584.96
1585.97
1586.99
1590.75
1589.01
1590.03
1591.04
Woodie's
1571.42
1579.01
1582.47
1590.06
1593.52
1601.11
1604.57
DeMark's
-
-
1581.77
1589.71
1592.83
-
-
Technical IndicatorsAug 04, 2022 06:30AM GMT
Name
Value
Action
RSI(14)
65.625
Buy
STOCH(9,6)
67.793
Buy
STOCHRSI(14)
44.323
Sell
MACD(12,26)
15.680
Buy
ADX(14)
42.269
Buy
Williams %R
-28.497
Buy
CCI(14)
99.5893
Buy
ATR(14)
11.8178
High Volatility
Highs/Lows(14)
14.4714
Buy
Ultimate Oscillator
63.441
Buy
ROC
2.873
Buy
Bull/Bear Power(13)
25.1241
Buy
Buy: 10
Sell: 1
Neutral: 0


Summary:Strong Buy
Moving AveragesAug 04, 2022 06:30AM GMT
Period
Simple
Exponential
MA5
1586.88
Sell
1584.15
Buy
MA10
1573.12
Buy
1575.09
Buy
MA20
1557.18
Buy
1564.76
Buy
MA50
1536.36
Buy
1543.63
Buy
MA100
1516.40
Buy
1522.25
Buy
MA200
1493.56
Buy
1502.47
Buy
Buy: 11
Sell: 1


Summary:Strong Buy","Volume: 4,256,692
Bid/Ask: 1,590.90 / 1,590.95
Day's Range: 1,574.95 - 1,603.85"
2022-08-04 06:42:00.000042,"1,592.80 +26.70    +1.70%
02:41:35 - Real-time Data. Currency in INR ( Disclaimer )
Type:  Equity
Market:  India
ISIN:  INE009A01021
S/N:  INFY","Summary:Strong Buy
Moving Averages:Strong BuyBuy (12)Sell (0)
Technical Indicators:Strong BuyBuy (10)Sell (0)
Pivot PointsAug 04, 2022 06:40AM GMT
Name
S3
S2
S1
Pivot Points
R1
R2
R3
Classic
1572.80
1579.70
1583.85
1590.75
1594.90
1601.80
1605.95
Fibonacci
1579.70
1583.92
1586.53
1590.75
1594.97
1597.58
1601.80
Camarilla
1584.96
1585.97
1586.99
1590.75
1589.01
1590.03
1591.04
Woodie's
1571.42
1579.01
1582.47
1590.06
1593.52
1601.11
1604.57
DeMark's
-
-
1581.77
1589.71
1592.83
-
-
Technical IndicatorsAug 04, 2022 06:40AM GMT
Name
Value
Action
RSI(14)
69.497
Buy
STOCH(9,6)
70.017
Buy
STOCHRSI(14)
61.893
Buy
MACD(12,26)
16.270
Buy
ADX(14)
42.269
Buy
Williams %R
-17.543
Overbought
CCI(14)
109.2945
Buy
ATR(14)
11.8178
High Volatility
Highs/Lows(14)
21.8714
Buy
Ultimate Oscillator
69.499
Buy
ROC
3.353
Buy
Bull/Bear Power(13)
23.0081
Buy
Buy: 10
Sell: 0
Neutral: 0


Summary:Strong Buy
Moving AveragesAug 04, 2022 06:40AM GMT
Period
Simple
Exponential
MA5
1588.36
Buy
1586.62
Buy
MA10
1573.87
Buy
1576.44
Buy
MA20
1557.55
Buy
1565.46
Buy
MA50
1536.51
Buy
1543.92
Buy
MA100
1516.47
Buy
1522.40
Buy
MA200
1493.59
Buy
1502.54
Buy
Buy: 12
Sell: 0


Summary:Strong Buy","Volume: 4,314,824
Bid/Ask: 1,592.35 / 1,592.55
Day's Range: 1,574.95 - 1,603.85"
2022-08-04 06:44:00.000040,"1,592.00 +25.90    +1.65%
02:43:29 - Real-time Data. Currency in INR ( Disclaimer )
Type:  Equity
Market:  India
ISIN:  INE009A01021
S/N:  INFY","Summary:Strong Buy
Moving Averages:Strong BuyBuy (12)Sell (0)
Technical Indicators:Strong BuyBuy (10)Sell (0)
Pivot PointsAug 04, 2022 06:40AM GMT
Name
S3
S2
S1
Pivot Points
R1
R2
R3
Classic
1572.80
1579.70
1583.85
1590.75
1594.90
1601.80
1605.95
Fibonacci
1579.70
1583.92
1586.53
1590.75
1594.97
1597.58
1601.80
Camarilla
1584.96
1585.97
1586.99
1590.75
1589.01
1590.03
1591.04
Woodie's
1571.42
1579.01
1582.47
1590.06
1593.52
1601.11
1604.57
DeMark's
-
-
1581.77
1589.71
1592.83
-
-
Technical IndicatorsAug 04, 2022 06:40AM GMT
Name
Value
Action
RSI(14)
69.497
Buy
STOCH(9,6)
70.017
Buy
STOCHRSI(14)
61.893
Buy
MACD(12,26)
16.270
Buy
ADX(14)
42.269
Buy
Williams %R
-17.543
Overbought
CCI(14)
109.2945
Buy
ATR(14)
11.8178
High Volatility
Highs/Lows(14)
21.8714
Buy
Ultimate Oscillator
69.499
Buy
ROC
3.353
Buy
Bull/Bear Power(13)
23.0081
Buy
Buy: 10
Sell: 0
Neutral: 0


Summary:Strong Buy
Moving AveragesAug 04, 2022 06:40AM GMT
Period
Simple
Exponential
MA5
1588.36
Buy
1586.62
Buy
MA10
1573.87
Buy
1576.44
Buy
MA20
1557.55
Buy
1565.46
Buy
MA50
1536.51
Buy
1543.92
Buy
MA100
1516.47
Buy
1522.40
Buy
MA200
1493.59
Buy
1502.54
Buy
Buy: 12
Sell: 0


Summary:Strong Buy","Volume: 4,339,208
Bid/Ask: 1,591.45 / 1,591.95
Day's Range: 1,574.95 - 1,603.85"
2022-08-04 06:46:00.000042,"1,591.40 +25.30    +1.62%
02:45:35 - Real-time Data. Currency in INR ( Disclaimer )
Type:  Equity
Market:  India
ISIN:  INE009A01021
S/N:  INFY","Summary:Strong Buy
Moving Averages:Strong BuyBuy (12)Sell (0)
Technical Indicators:Strong BuyBuy (10)Sell (0)
Pivot PointsAug 04, 2022 06:40AM GMT
Name
S3
S2
S1
Pivot Points
R1
R2
R3
Classic
1572.80
1579.70
1583.85
1590.75
1594.90
1601.80
1605.95
Fibonacci
1579.70
1583.92
1586.53
1590.75
1594.97
1597.58
1601.80
Camarilla
1584.96
1585.97
1586.99
1590.75
1589.01
1590.03
1591.04
Woodie's
1571.42
1579.01
1582.47
1590.06
1593.52
1601.11
1604.57
DeMark's
-
-
1581.77
1589.71
1592.83
-
-
Technical IndicatorsAug 04, 2022 06:40AM GMT
Name
Value
Action
RSI(14)
69.497
Buy
STOCH(9,6)
70.017
Buy
STOCHRSI(14)
61.893
Buy
MACD(12,26)
16.270
Buy
ADX(14)
42.269
Buy
Williams %R
-17.543
Overbought
CCI(14)
109.2945
Buy
ATR(14)
11.8178
High Volatility
Highs/Lows(14)
21.8714
Buy
Ultimate Oscillator
69.499
Buy
ROC
3.353
Buy
Bull/Bear Power(13)
23.0081
Buy
Buy: 10
Sell: 0
Neutral: 0


Summary:Strong Buy
Moving AveragesAug 04, 2022 06:40AM GMT
Period
Simple
Exponential
MA5
1588.36
Buy
1586.62
Buy
MA10
1573.87
Buy
1576.44
Buy
MA20
1557.55
Buy
1565.46
Buy
MA50
1536.51
Buy
1543.92
Buy
MA100
1516.47
Buy
1522.40
Buy
MA200
1493.59
Buy
1502.54
Buy
Buy: 12
Sell: 0


Summary:Strong Buy","Volume: 4,359,069
Bid/Ask: 1,591.40 / 1,591.80
Day's Range: 1,574.95 - 1,603.85"
2022-08-04 06:48:00.000040,"1,591.75 +25.65    +1.64%
02:47:25 - Real-time Data. Currency in INR ( Disclaimer )
Type:  Equity
Market:  India
ISIN:  INE009A01021
S/N:  INFY","Summary:Strong Buy
Moving Averages:Strong BuyBuy (12)Sell (0)
Technical Indicators:Strong BuyBuy (10)Sell (0)
Pivot PointsAug 04, 2022 06:40AM GMT
Name
S3
S2
S1
Pivot Points
R1
R2
R3
Classic
1572.80
1579.70
1583.85
1590.75
1594.90
1601.80
1605.95
Fibonacci
1579.70
1583.92
1586.53
1590.75
1594.97
1597.58
1601.80
Camarilla
1584.96
1585.97
1586.99
1590.75
1589.01
1590.03
1591.04
Woodie's
1571.42
1579.01
1582.47
1590.06
1593.52
1601.11
1604.57
DeMark's
-
-
1581.77
1589.71
1592.83
-
-
Technical IndicatorsAug 04, 2022 06:40AM GMT
Name
Value
Action
RSI(14)
69.497
Buy
STOCH(9,6)
70.017
Buy
STOCHRSI(14)
61.893
Buy
MACD(12,26)
16.270
Buy
ADX(14)
42.269
Buy
Williams %R
-17.543
Overbought
CCI(14)
109.2945
Buy
ATR(14)
11.8178
High Volatility
Highs/Lows(14)
21.8714
Buy
Ultimate Oscillator
69.499
Buy
ROC
3.353
Buy
Bull/Bear Power(13)
23.0081
Buy
Buy: 10
Sell: 0
Neutral: 0


Summary:Strong Buy
Moving AveragesAug 04, 2022 06:40AM GMT
Period
Simple
Exponential
MA5
1588.36
Buy
1586.62
Buy
MA10
1573.87
Buy
1576.44
Buy
MA20
1557.55
Buy
1565.46
Buy
MA50
1536.51
Buy
1543.92
Buy
MA100
1516.47
Buy
1522.40
Buy
MA200
1493.59
Buy
1502.54
Buy
Buy: 12
Sell: 0


Summary:Strong Buy","Volume: 4,401,989
Bid/Ask: 1,591.30 / 1,591.60
Day's Range: 1,574.95 - 1,603.85"
2022-08-04 06:50:00.000042,"1,591.90 +25.80    +1.65%
02:49:34 - Real-time Data. Currency in INR ( Disclaimer )
Type:  Equity
Market:  India
ISIN:  INE009A01021
S/N:  INFY","Summary:Strong Buy
Moving Averages:Strong BuyBuy (12)Sell (0)
Technical Indicators:Strong BuyBuy (10)Sell (0)
Pivot PointsAug 04, 2022 06:40AM GMT
Name
S3
S2
S1
Pivot Points
R1
R2
R3
Classic
1572.80
1579.70
1583.85
1590.75
1594.90
1601.80
1605.95
Fibonacci
1579.70
1583.92
1586.53
1590.75
1594.97
1597.58
1601.80
Camarilla
1584.96
1585.97
1586.99
1590.75
1589.01
1590.03
1591.04
Woodie's
1571.42
1579.01
1582.47
1590.06
1593.52
1601.11
1604.57
DeMark's
-
-
1581.77
1589.71
1592.83
-
-
Technical IndicatorsAug 04, 2022 06:40AM GMT
Name
Value
Action
RSI(14)
69.497
Buy
STOCH(9,6)
70.017
Buy
STOCHRSI(14)
61.893
Buy
MACD(12,26)
16.270
Buy
ADX(14)
42.269
Buy
Williams %R
-17.543
Overbought
CCI(14)
109.2945
Buy
ATR(14)
11.8178
High Volatility
Highs/Lows(14)
21.8714
Buy
Ultimate Oscillator
69.499
Buy
ROC
3.353
Buy
Bull/Bear Power(13)
23.0081
Buy
Buy: 10
Sell: 0
Neutral: 0


Summary:Strong Buy
Moving AveragesAug 04, 2022 06:40AM GMT
Period
Simple
Exponential
MA5
1588.36
Buy
1586.62
Buy
MA10
1573.87
Buy
1576.44
Buy
MA20
1557.55
Buy
1565.46
Buy
MA50
1536.51
Buy
1543.92
Buy
MA100
1516.47
Buy
1522.40
Buy
MA200
1493.59
Buy
1502.54
Buy
Buy: 12
Sell: 0


Summary:Strong Buy","Volume: 4,427,940
Bid/Ask: 1,591.70 / 1,592.10
Day's Range: 1,574.95 - 1,603.85"
2022-08-04 06:52:00.000040,"1,590.90 +24.80    +1.58%
02:51:35 - Real-time Data. Currency in INR ( Disclaimer )
Type:  Equity
Market:  India
ISIN:  INE009A01021
S/N:  INFY","Summary:Strong Buy
Moving Averages:Strong BuyBuy (12)Sell (0)
Technical Indicators:Strong BuyBuy (10)Sell (0)
Pivot PointsAug 04, 2022 06:50AM GMT
Name
S3
S2
S1
Pivot Points
R1
R2
R3
Classic
1572.80
1579.70
1583.85
1590.75
1594.90
1601.80
1605.95
Fibonacci
1579.70
1583.92
1586.53
1590.75
1594.97
1597.58
1601.80
Camarilla
1584.96
1585.97
1586.99
1590.75
1589.01
1590.03
1591.04
Woodie's
1571.42
1579.01
1582.47
1590.06
1593.52
1601.11
1604.57
DeMark's
-
-
1581.77
1589.71
1592.83
-
-
Technical IndicatorsAug 04, 2022 06:50AM GMT
Name
Value
Action
RSI(14)
69.579
Buy
STOCH(9,6)
70.092
Buy
STOCHRSI(14)
62.265
Buy
MACD(12,26)
16.280
Buy
ADX(14)
42.520
Buy
Williams %R
-17.172
Overbought
CCI(14)
111.1697
Buy
ATR(14)
11.9036
High Volatility
Highs/Lows(14)
22.0357
Buy
Ultimate Oscillator
69.018
Buy
ROC
3.369
Buy
Bull/Bear Power(13)
24.1380
Buy
Buy: 10
Sell: 0
Neutral: 0


Summary:Strong Buy
Moving AveragesAug 04, 2022 06:50AM GMT
Period
Simple
Exponential
MA5
1588.41
Buy
1586.70
Buy
MA10
1573.89
Buy
1576.48
Buy
MA20
1557.56
Buy
1565.49
Buy
MA50
1536.51
Buy
1543.93
Buy
MA100
1516.48
Buy
1522.40
Buy
MA200
1493.60
Buy
1502.54
Buy
Buy: 12
Sell: 0


Summary:Strong Buy","Volume: 4,454,253
Bid/Ask: 1,590.90 / 1,591.15
Day's Range: 1,574.95 - 1,603.85"
2022-08-04 06:54:00.000041,"1,587.95 +21.85    +1.40%
02:53:40 - Real-time Data. Currency in INR ( Disclaimer )
Type:  Equity
Market:  India
ISIN:  INE009A01021
S/N:  INFY","Summary:Strong Buy
Moving Averages:Strong BuyBuy (12)Sell (0)
Technical Indicators:Strong BuyBuy (10)Sell (0)
Pivot PointsAug 04, 2022 06:50AM GMT
Name
S3
S2
S1
Pivot Points
R1
R2
R3
Classic
1572.80
1579.70
1583.85
1590.75
1594.90
1601.80
1605.95
Fibonacci
1579.70
1583.92
1586.53
1590.75
1594.97
1597.58
1601.80
Camarilla
1584.96
1585.97
1586.99
1590.75
1589.01
1590.03
1591.04
Woodie's
1571.42
1579.01
1582.47
1590.06
1593.52
1601.11
1604.57
DeMark's
-
-
1581.77
1589.71
1592.83
-
-
Technical IndicatorsAug 04, 2022 06:50AM GMT
Name
Value
Action
RSI(14)
69.579
Buy
STOCH(9,6)
70.092
Buy
STOCHRSI(14)
62.265
Buy
MACD(12,26)
16.280
Buy
ADX(14)
42.520
Buy
Williams %R
-17.172
Overbought
CCI(14)
111.1697
Buy
ATR(14)
11.9036
High Volatility
Highs/Lows(14)
22.0357
Buy
Ultimate Oscillator
69.018
Buy
ROC
3.369
Buy
Bull/Bear Power(13)
24.1380
Buy
Buy: 10
Sell: 0
Neutral: 0


Summary:Strong Buy
Moving AveragesAug 04, 2022 06:50AM GMT
Period
Simple
Exponential
MA5
1588.41
Buy
1586.70
Buy
MA10
1573.89
Buy
1576.48
Buy
MA20
1557.56
Buy
1565.49
Buy
MA50
1536.51
Buy
1543.93
Buy
MA100
1516.48
Buy
1522.40
Buy
MA200
1493.60
Buy
1502.54
Buy
Buy: 12
Sell: 0


Summary:Strong Buy","Volume: 4,490,486
Bid/Ask: 1,587.80 / 1,587.95
Day's Range: 1,574.95 - 1,603.85"
2022-08-04 06:56:00.000041,"1,584.00 +17.90    +1.14%
02:55:40 - Real-time Data. Currency in INR ( Disclaimer )
Type:  Equity
Market:  India
ISIN:  INE009A01021
S/N:  INFY","Summary:Strong Buy
Moving Averages:Strong BuyBuy (12)Sell (0)
Technical Indicators:Strong BuyBuy (10)Sell (0)
Pivot PointsAug 04, 2022 06:50AM GMT
Name
S3
S2
S1
Pivot Points
R1
R2
R3
Classic
1572.80
1579.70
1583.85
1590.75
1594.90
1601.80
1605.95
Fibonacci
1579.70
1583.92
1586.53
1590.75
1594.97
1597.58
1601.80
Camarilla
1584.96
1585.97
1586.99
1590.75
1589.01
1590.03
1591.04
Woodie's
1571.42
1579.01
1582.47
1590.06
1593.52
1601.11
1604.57
DeMark's
-
-
1581.77
1589.71
1592.83
-
-
Technical IndicatorsAug 04, 2022 06:50AM GMT
Name
Value
Action
RSI(14)
69.579
Buy
STOCH(9,6)
70.092
Buy
STOCHRSI(14)
62.265
Buy
MACD(12,26)
16.280
Buy
ADX(14)
42.520
Buy
Williams %R
-17.172
Overbought
CCI(14)
111.1697
Buy
ATR(14)
11.9036
High Volatility
Highs/Lows(14)
22.0357
Buy
Ultimate Oscillator
69.018
Buy
ROC
3.369
Buy
Bull/Bear Power(13)
24.1380
Buy
Buy: 10
Sell: 0
Neutral: 0


Summary:Strong Buy
Moving AveragesAug 04, 2022 06:50AM GMT
Period
Simple
Exponential
MA5
1588.41
Buy
1586.70
Buy
MA10
1573.89
Buy
1576.48
Buy
MA20
1557.56
Buy
1565.49
Buy
MA50
1536.51
Buy
1543.93
Buy
MA100
1516.48
Buy
1522.40
Buy
MA200
1493.60
Buy
1502.54
Buy
Buy: 12
Sell: 0


Summary:Strong Buy","Volume: 4,533,195
Bid/Ask: 1,583.80 / 1,584.00
Day's Range: 1,574.95 - 1,603.85"
2022-08-04 06:58:00.000041,"1,586.90 +20.80    +1.33%
02:57:35 - Real-time Data. Currency in INR ( Disclaimer )
Type:  Equity
Market:  India
ISIN:  INE009A01021
S/N:  INFY","Summary:Strong Buy
Moving Averages:Strong BuyBuy (12)Sell (0)
Technical Indicators:Strong BuyBuy (10)Sell (0)
Pivot PointsAug 04, 2022 06:50AM GMT
Name
S3
S2
S1
Pivot Points
R1
R2
R3
Classic
1572.80
1579.70
1583.85
1590.75
1594.90
1601.80
1605.95
Fibonacci
1579.70
1583.92
1586.53
1590.75
1594.97
1597.58
1601.80
Camarilla
1584.96
1585.97
1586.99
1590.75
1589.01
1590.03
1591.04
Woodie's
1571.42
1579.01
1582.47
1590.06
1593.52
1601.11
1604.57
DeMark's
-
-
1581.77
1589.71
1592.83
-
-
Technical IndicatorsAug 04, 2022 06:50AM GMT
Name
Value
Action
RSI(14)
69.579
Buy
STOCH(9,6)
70.092
Buy
STOCHRSI(14)
62.265
Buy
MACD(12,26)
16.280
Buy
ADX(14)
42.520
Buy
Williams %R
-17.172
Overbought
CCI(14)
111.1697
Buy
ATR(14)
11.9036
High Volatility
Highs/Lows(14)
22.0357
Buy
Ultimate Oscillator
69.018
Buy
ROC
3.369
Buy
Bull/Bear Power(13)
24.1380
Buy
Buy: 10
Sell: 0
Neutral: 0


Summary:Strong Buy
Moving AveragesAug 04, 2022 06:50AM GMT
Period
Simple
Exponential
MA5
1588.41
Buy
1586.70
Buy
MA10
1573.89
Buy
1576.48
Buy
MA20
1557.56
Buy
1565.49
Buy
MA50
1536.51
Buy
1543.93
Buy
MA100
1516.48
Buy
1522.40
Buy
MA200
1493.60
Buy
1502.54
Buy
Buy: 12
Sell: 0


Summary:Strong Buy","Volume: 4,556,014
Bid/Ask: 1,586.90 / 1,587.40
Day's Range: 1,574.95 - 1,603.85"
2022-08-04 07:00:00.000039,"1,586.05 +19.95    +1.27%
02:59:35 - Real-time Data. Currency in INR ( Disclaimer )
Type:  Equity
Market:  India
ISIN:  INE009A01021
S/N:  INFY","Summary:Strong Buy
Moving Averages:Strong BuyBuy (12)Sell (0)
Technical Indicators:Strong BuyBuy (10)Sell (0)
Pivot PointsAug 04, 2022 06:50AM GMT
Name
S3
S2
S1
Pivot Points
R1
R2
R3
Classic
1572.80
1579.70
1583.85
1590.75
1594.90
1601.80
1605.95
Fibonacci
1579.70
1583.92
1586.53
1590.75
1594.97
1597.58
1601.80
Camarilla
1584.96
1585.97
1586.99
1590.75
1589.01
1590.03
1591.04
Woodie's
1571.42
1579.01
1582.47
1590.06
1593.52
1601.11
1604.57
DeMark's
-
-
1581.77
1589.71
1592.83
-
-
Technical IndicatorsAug 04, 2022 06:50AM GMT
Name
Value
Action
RSI(14)
69.579
Buy
STOCH(9,6)
70.092
Buy
STOCHRSI(14)
62.265
Buy
MACD(12,26)
16.280
Buy
ADX(14)
42.520
Buy
Williams %R
-17.172
Overbought
CCI(14)
111.1697
Buy
ATR(14)
11.9036
High Volatility
Highs/Lows(14)
22.0357
Buy
Ultimate Oscillator
69.018
Buy
ROC
3.369
Buy
Bull/Bear Power(13)
24.1380
Buy
Buy: 10
Sell: 0
Neutral: 0


Summary:Strong Buy
Moving AveragesAug 04, 2022 06:50AM GMT
Period
Simple
Exponential
MA5
1588.41
Buy
1586.70
Buy
MA10
1573.89
Buy
1576.48
Buy
MA20
1557.56
Buy
1565.49
Buy
MA50
1536.51
Buy
1543.93
Buy
MA100
1516.48
Buy
1522.40
Buy
MA200
1493.60
Buy
1502.54
Buy
Buy: 12
Sell: 0


Summary:Strong Buy","Volume: 4,577,761
Bid/Ask: 1,586.10 / 1,586.20
Day's Range: 1,574.95 - 1,603.85"
2022-08-04 07:02:00.000042,"1,586.30 +20.20    +1.29%
03:01:36 - Real-time Data. Currency in INR ( Disclaimer )
Type:  Equity
Market:  India
ISIN:  INE009A01021
S/N:  INFY","Summary:Strong Buy
Moving Averages:Strong BuyBuy (11)Sell (1)
Technical Indicators:Strong BuyBuy (10)Sell (0)
Pivot PointsAug 04, 2022 07:00AM GMT
Name
S3
S2
S1
Pivot Points
R1
R2
R3
Classic
1560.74
1568.77
1577.69
1585.72
1594.64
1602.67
1611.59
Fibonacci
1568.77
1575.24
1579.25
1585.72
1592.19
1596.20
1602.67
Camarilla
1581.94
1583.49
1585.05
1585.72
1588.15
1589.71
1591.26
Woodie's
1561.18
1568.99
1578.13
1585.94
1595.08
1602.89
1612.03
DeMark's
-
-
1573.22
1583.49
1590.17
-
-
Technical IndicatorsAug 04, 2022 07:00AM GMT
Name
Value
Action
RSI(14)
67.424
Buy
STOCH(9,6)
71.271
Buy
STOCHRSI(14)
45.327
Neutral
MACD(12,26)
15.430
Buy
ADX(14)
36.127
Buy
Williams %R
-25.607
Buy
CCI(14)
93.4049
Buy
ATR(14)
11.2428
High Volatility
Highs/Lows(14)
14.3714
Buy
Ultimate Oscillator
65.862
Buy
ROC
3.091
Buy
Bull/Bear Power(13)
25.4500
Buy
Buy: 10
Sell: 0
Neutral: 1


Summary:Strong Buy
Moving AveragesAug 04, 2022 07:00AM GMT
Period
Simple
Exponential
MA5
1591.56
Sell
1585.03
Buy
MA10
1577.08
Buy
1577.62
Buy
MA20
1559.55
Buy
1567.34
Buy
MA50
1538.95
Buy
1545.57
Buy
MA100
1517.49
Buy
1523.58
Buy
MA200
1494.19
Buy
1503.37
Buy
Buy: 11
Sell: 1


Summary:Strong Buy","Volume: 4,597,483
Bid/Ask: 1,586.35 / 1,586.75
Day's Range: 1,574.95 - 1,603.85"
2022-08-04 07:04:00.000041,"1,585.70 +19.60    +1.25%
03:03:36 - Real-time Data. Currency in INR ( Disclaimer )
Type:  Equity
Market:  India
ISIN:  INE009A01021
S/N:  INFY","Summary:Strong Buy
Moving Averages:Strong BuyBuy (11)Sell (1)
Technical Indicators:Strong BuyBuy (10)Sell (0)
Pivot PointsAug 04, 2022 07:00AM GMT
Name
S3
S2
S1
Pivot Points
R1
R2
R3
Classic
1560.74
1568.77
1577.69
1585.72
1594.64
1602.67
1611.59
Fibonacci
1568.77
1575.24
1579.25
1585.72
1592.19
1596.20
1602.67
Camarilla
1581.94
1583.49
1585.05
1585.72
1588.15
1589.71
1591.26
Woodie's
1561.18
1568.99
1578.13
1585.94
1595.08
1602.89
1612.03
DeMark's
-
-
1573.22
1583.49
1590.17
-
-
Technical IndicatorsAug 04, 2022 07:00AM GMT
Name
Value
Action
RSI(14)
67.424
Buy
STOCH(9,6)
71.271
Buy
STOCHRSI(14)
45.327
Neutral
MACD(12,26)
15.430
Buy
ADX(14)
36.127
Buy
Williams %R
-25.607
Buy
CCI(14)
93.4049
Buy
ATR(14)
11.2428
High Volatility
Highs/Lows(14)
14.3714
Buy
Ultimate Oscillator
65.862
Buy
ROC
3.091
Buy
Bull/Bear Power(13)
25.4500
Buy
Buy: 10
Sell: 0
Neutral: 1


Summary:Strong Buy
Moving AveragesAug 04, 2022 07:00AM GMT
Period
Simple
Exponential
MA5
1591.56
Sell
1585.03
Buy
MA10
1577.08
Buy
1577.62
Buy
MA20
1559.55
Buy
1567.34
Buy
MA50
1538.95
Buy
1545.57
Buy
MA100
1517.49
Buy
1523.58
Buy
MA200
1494.19
Buy
1503.37
Buy
Buy: 11
Sell: 1


Summary:Strong Buy","Volume: 4,614,415
Bid/Ask: 1,585.30 / 1,585.70
Day's Range: 1,574.95 - 1,603.85"
2022-08-04 07:06:00.000044,"1,586.35 +20.25    +1.29%
03:05:31 - Real-time Data. Currency in INR ( Disclaimer )
Type:  Equity
Market:  India
ISIN:  INE009A01021
S/N:  INFY","Summary:Strong Buy
Moving Averages:Strong BuyBuy (11)Sell (1)
Technical Indicators:Strong BuyBuy (10)Sell (0)
Pivot PointsAug 04, 2022 07:00AM GMT
Name
S3
S2
S1
Pivot Points
R1
R2
R3
Classic
1560.74
1568.77
1577.69
1585.72
1594.64
1602.67
1611.59
Fibonacci
1568.77
1575.24
1579.25
1585.72
1592.19
1596.20
1602.67
Camarilla
1581.94
1583.49
1585.05
1585.72
1588.15
1589.71
1591.26
Woodie's
1561.18
1568.99
1578.13
1585.94
1595.08
1602.89
1612.03
DeMark's
-
-
1573.22
1583.49
1590.17
-
-
Technical IndicatorsAug 04, 2022 07:00AM GMT
Name
Value
Action
RSI(14)
67.424
Buy
STOCH(9,6)
71.271
Buy
STOCHRSI(14)
45.327
Neutral
MACD(12,26)
15.430
Buy
ADX(14)
36.127
Buy
Williams %R
-25.607
Buy
CCI(14)
93.4049
Buy
ATR(14)
11.2428
High Volatility
Highs/Lows(14)
14.3714
Buy
Ultimate Oscillator
65.862
Buy
ROC
3.091
Buy
Bull/Bear Power(13)
25.4500
Buy
Buy: 10
Sell: 0
Neutral: 1


Summary:Strong Buy
Moving AveragesAug 04, 2022 07:00AM GMT
Period
Simple
Exponential
MA5
1591.56
Sell
1585.03
Buy
MA10
1577.08
Buy
1577.62
Buy
MA20
1559.55
Buy
1567.34
Buy
MA50
1538.95
Buy
1545.57
Buy
MA100
1517.49
Buy
1523.58
Buy
MA200
1494.19
Buy
1503.37
Buy
Buy: 11
Sell: 1


Summary:Strong Buy","Volume: 4,624,364
Bid/Ask: 1,586.30 / 1,586.35
Day's Range: 1,574.95 - 1,603.85"
2022-08-04 07:08:00.000043,"1,587.00 +20.90    +1.33%
03:07:36 - Real-time Data. Currency in INR ( Disclaimer )
Type:  Equity
Market:  India
ISIN:  INE009A01021
S/N:  INFY","Summary:Strong Buy
Moving Averages:Strong BuyBuy (11)Sell (1)
Technical Indicators:Strong BuyBuy (10)Sell (0)
Pivot PointsAug 04, 2022 07:00AM GMT
Name
S3
S2
S1
Pivot Points
R1
R2
R3
Classic
1560.74
1568.77
1577.69
1585.72
1594.64
1602.67
1611.59
Fibonacci
1568.77
1575.24
1579.25
1585.72
1592.19
1596.20
1602.67
Camarilla
1581.94
1583.49
1585.05
1585.72
1588.15
1589.71
1591.26
Woodie's
1561.18
1568.99
1578.13
1585.94
1595.08
1602.89
1612.03
DeMark's
-
-
1573.22
1583.49
1590.17
-
-
Technical IndicatorsAug 04, 2022 07:00AM GMT
Name
Value
Action
RSI(14)
67.424
Buy
STOCH(9,6)
71.271
Buy
STOCHRSI(14)
45.327
Neutral
MACD(12,26)
15.430
Buy
ADX(14)
36.127
Buy
Williams %R
-25.607
Buy
CCI(14)
93.4049
Buy
ATR(14)
11.2428
High Volatility
Highs/Lows(14)
14.3714
Buy
Ultimate Oscillator
65.862
Buy
ROC
3.091
Buy
Bull/Bear Power(13)
25.4500
Buy
Buy: 10
Sell: 0
Neutral: 1


Summary:Strong Buy
Moving AveragesAug 04, 2022 07:00AM GMT
Period
Simple
Exponential
MA5
1591.56
Sell
1585.03
Buy
MA10
1577.08
Buy
1577.62
Buy
MA20
1559.55
Buy
1567.34
Buy
MA50
1538.95
Buy
1545.57
Buy
MA100
1517.49
Buy
1523.58
Buy
MA200
1494.19
Buy
1503.37
Buy
Buy: 11
Sell: 1


Summary:Strong Buy","Volume: 4,640,226
Bid/Ask: 1,586.95 / 1,587.00
Day's Range: 1,574.95 - 1,603.85"
2022-08-04 07:10:00.000041,"1,586.40 +20.30    +1.30%
03:09:37 - Real-time Data. Currency in INR ( Disclaimer )
Type:  Equity
Market:  India
ISIN:  INE009A01021
S/N:  INFY","Summary:Strong Buy
Moving Averages:Strong BuyBuy (11)Sell (1)
Technical Indicators:Strong BuyBuy (10)Sell (0)
Pivot PointsAug 04, 2022 07:00AM GMT
Name
S3
S2
S1
Pivot Points
R1
R2
R3
Classic
1560.74
1568.77
1577.69
1585.72
1594.64
1602.67
1611.59
Fibonacci
1568.77
1575.24
1579.25
1585.72
1592.19
1596.20
1602.67
Camarilla
1581.94
1583.49
1585.05
1585.72
1588.15
1589.71
1591.26
Woodie's
1561.18
1568.99
1578.13
1585.94
1595.08
1602.89
1612.03
DeMark's
-
-
1573.22
1583.49
1590.17
-
-
Technical IndicatorsAug 04, 2022 07:00AM GMT
Name
Value
Action
RSI(14)
67.424
Buy
STOCH(9,6)
71.271
Buy
STOCHRSI(14)
45.327
Neutral
MACD(12,26)
15.430
Buy
ADX(14)
36.127
Buy
Williams %R
-25.607
Buy
CCI(14)
93.4049
Buy
ATR(14)
11.2428
High Volatility
Highs/Lows(14)
14.3714
Buy
Ultimate Oscillator
65.862
Buy
ROC
3.091
Buy
Bull/Bear Power(13)
25.4500
Buy
Buy: 10
Sell: 0
Neutral: 1


Summary:Strong Buy
Moving AveragesAug 04, 2022 07:00AM GMT
Period
Simple
Exponential
MA5
1591.56
Sell
1585.03
Buy
MA10
1577.08
Buy
1577.62
Buy
MA20
1559.55
Buy
1567.34
Buy
MA50
1538.95
Buy
1545.57
Buy
MA100
1517.49
Buy
1523.58
Buy
MA200
1494.19
Buy
1503.37
Buy
Buy: 11
Sell: 1


Summary:Strong Buy","Volume: 4,659,108
Bid/Ask: 1,586.40 / 1,586.45
Day's Range: 1,574.95 - 1,603.85"
2022-08-04 07:12:00.000043,"1,586.10 +20.00    +1.28%
03:11:36 - Real-time Data. Currency in INR ( Disclaimer )
Type:  Equity
Market:  India
ISIN:  INE009A01021
S/N:  INFY","Summary:Strong Buy
Moving Averages:Strong BuyBuy (11)Sell (1)
Technical Indicators:Strong BuyBuy (10)Sell (1)
Pivot PointsAug 04, 2022 07:10AM GMT
Name
S3
S2
S1
Pivot Points
R1
R2
R3
Classic
1560.74
1568.77
1577.69
1585.72
1594.64
1602.67
1611.59
Fibonacci
1568.77
1575.24
1579.25
1585.72
1592.19
1596.20
1602.67
Camarilla
1581.94
1583.49
1585.05
1585.72
1588.15
1589.71
1591.26
Woodie's
1561.18
1568.99
1578.13
1585.94
1595.08
1602.89
1612.03
DeMark's
-
-
1573.22
1583.49
1590.17
-
-
Technical IndicatorsAug 04, 2022 07:10AM GMT
Name
Value
Action
RSI(14)
66.325
Buy
STOCH(9,6)
70.648
Buy
STOCHRSI(14)
39.589
Sell
MACD(12,26)
15.290
Buy
ADX(14)
36.127
Buy
Williams %R
-28.504
Buy
CCI(14)
89.4626
Buy
ATR(14)
11.3464
High Volatility
Highs/Lows(14)
12.5108
Buy
Ultimate Oscillator
64.584
Buy
ROC
2.971
Buy
Bull/Bear Power(13)
24.8280
Buy
Buy: 10
Sell: 1
Neutral: 0


Summary:Strong Buy
Moving AveragesAug 04, 2022 07:10AM GMT
Period
Simple
Exponential
MA5
1591.19
Sell
1584.41
Buy
MA10
1576.89
Buy
1577.29
Buy
MA20
1559.46
Buy
1567.16
Buy
MA50
1538.91
Buy
1545.49
Buy
MA100
1517.48
Buy
1523.54
Buy
MA200
1494.18
Buy
1503.35
Buy
Buy: 11
Sell: 1


Summary:Strong Buy","Volume: 4,691,601
Bid/Ask: 1,585.90 / 1,586.10
Day's Range: 1,574.95 - 1,603.85"
2022-08-04 07:14:00.000041,"1,587.45 +21.35    +1.36%
03:13:32 - Real-time Data. Currency in INR ( Disclaimer )
Type:  Equity
Market:  India
ISIN:  INE009A01021
S/N:  INFY","Summary:Strong Buy
Moving Averages:Strong BuyBuy (11)Sell (1)
Technical Indicators:Strong BuyBuy (10)Sell (1)
Pivot PointsAug 04, 2022 07:10AM GMT
Name
S3
S2
S1
Pivot Points
R1
R2
R3
Classic
1560.74
1568.77
1577.69
1585.72
1594.64
1602.67
1611.59
Fibonacci
1568.77
1575.24
1579.25
1585.72
1592.19
1596.20
1602.67
Camarilla
1581.94
1583.49
1585.05
1585.72
1588.15
1589.71
1591.26
Woodie's
1561.18
1568.99
1578.13
1585.94
1595.08
1602.89
1612.03
DeMark's
-
-
1573.22
1583.49
1590.17
-
-
Technical IndicatorsAug 04, 2022 07:10AM GMT
Name
Value
Action
RSI(14)
66.325
Buy
STOCH(9,6)
70.648
Buy
STOCHRSI(14)
39.589
Sell
MACD(12,26)
15.290
Buy
ADX(14)
36.127
Buy
Williams %R
-28.504
Buy
CCI(14)
89.4626
Buy
ATR(14)
11.3464
High Volatility
Highs/Lows(14)
12.5108
Buy
Ultimate Oscillator
64.584
Buy
ROC
2.971
Buy
Bull/Bear Power(13)
24.8280
Buy
Buy: 10
Sell: 1
Neutral: 0


Summary:Strong Buy
Moving AveragesAug 04, 2022 07:10AM GMT
Period
Simple
Exponential
MA5
1591.19
Sell
1584.41
Buy
MA10
1576.89
Buy
1577.29
Buy
MA20
1559.46
Buy
1567.16
Buy
MA50
1538.91
Buy
1545.49
Buy
MA100
1517.48
Buy
1523.54
Buy
MA200
1494.18
Buy
1503.35
Buy
Buy: 11
Sell: 1


Summary:Strong Buy","Volume: 4,712,147
Bid/Ask: 1,587.20 / 1,587.45
Day's Range: 1,574.95 - 1,603.85"
2022-08-04 07:16:00.000043,"1,588.65 +22.55    +1.44%
03:15:36 - Real-time Data. Currency in INR ( Disclaimer )
Type:  Equity
Market:  India
ISIN:  INE009A01021
S/N:  INFY","Summary:Strong Buy
Moving Averages:Strong BuyBuy (11)Sell (1)
Technical Indicators:Strong BuyBuy (10)Sell (1)
Pivot PointsAug 04, 2022 07:10AM GMT
Name
S3
S2
S1
Pivot Points
R1
R2
R3
Classic
1560.74
1568.77
1577.69
1585.72
1594.64
1602.67
1611.59
Fibonacci
1568.77
1575.24
1579.25
1585.72
1592.19
1596.20
1602.67
Camarilla
1581.94
1583.49
1585.05
1585.72
1588.15
1589.71
1591.26
Woodie's
1561.18
1568.99
1578.13
1585.94
1595.08
1602.89
1612.03
DeMark's
-
-
1573.22
1583.49
1590.17
-
-
Technical IndicatorsAug 04, 2022 07:10AM GMT
Name
Value
Action
RSI(14)
66.325
Buy
STOCH(9,6)
70.648
Buy
STOCHRSI(14)
39.589
Sell
MACD(12,26)
15.290
Buy
ADX(14)
36.127
Buy
Williams %R
-28.504
Buy
CCI(14)
89.4626
Buy
ATR(14)
11.3464
High Volatility
Highs/Lows(14)
12.5108
Buy
Ultimate Oscillator
64.584
Buy
ROC
2.971
Buy
Bull/Bear Power(13)
24.8280
Buy
Buy: 10
Sell: 1
Neutral: 0


Summary:Strong Buy
Moving AveragesAug 04, 2022 07:10AM GMT
Period
Simple
Exponential
MA5
1591.19
Sell
1584.41
Buy
MA10
1576.89
Buy
1577.29
Buy
MA20
1559.46
Buy
1567.16
Buy
MA50
1538.91
Buy
1545.49
Buy
MA100
1517.48
Buy
1523.54
Buy
MA200
1494.18
Buy
1503.35
Buy
Buy: 11
Sell: 1


Summary:Strong Buy","Volume: 4,728,618
Bid/Ask: 1,588.60 / 1,588.65
Day's Range: 1,574.95 - 1,603.85"
2022-08-04 07:18:00.000042,"1,587.25 +21.15    +1.35%
03:17:36 - Real-time Data. Currency in INR ( Disclaimer )
Type:  Equity
Market:  India
ISIN:  INE009A01021
S/N:  INFY","Summary:Strong Buy
Moving Averages:Strong BuyBuy (11)Sell (1)
Technical Indicators:Strong BuyBuy (10)Sell (1)
Pivot PointsAug 04, 2022 07:10AM GMT
Name
S3
S2
S1
Pivot Points
R1
R2
R3
Classic
1560.74
1568.77
1577.69
1585.72
1594.64
1602.67
1611.59
Fibonacci
1568.77
1575.24
1579.25
1585.72
1592.19
1596.20
1602.67
Camarilla
1581.94
1583.49
1585.05
1585.72
1588.15
1589.71
1591.26
Woodie's
1561.18
1568.99
1578.13
1585.94
1595.08
1602.89
1612.03
DeMark's
-
-
1573.22
1583.49
1590.17
-
-
Technical IndicatorsAug 04, 2022 07:10AM GMT
Name
Value
Action
RSI(14)
66.325
Buy
STOCH(9,6)
70.648
Buy
STOCHRSI(14)
39.589
Sell
MACD(12,26)
15.290
Buy
ADX(14)
36.127
Buy
Williams %R
-28.504
Buy
CCI(14)
89.4626
Buy
ATR(14)
11.3464
High Volatility
Highs/Lows(14)
12.5108
Buy
Ultimate Oscillator
64.584
Buy
ROC
2.971
Buy
Bull/Bear Power(13)
24.8280
Buy
Buy: 10
Sell: 1
Neutral: 0


Summary:Strong Buy
Moving AveragesAug 04, 2022 07:10AM GMT
Period
Simple
Exponential
MA5
1591.19
Sell
1584.41
Buy
MA10
1576.89
Buy
1577.29
Buy
MA20
1559.46
Buy
1567.16
Buy
MA50
1538.91
Buy
1545.49
Buy
MA100
1517.48
Buy
1523.54
Buy
MA200
1494.18
Buy
1503.35
Buy
Buy: 11
Sell: 1


Summary:Strong Buy","Volume: 4,741,644
Bid/Ask: 1,587.60 / 1,587.90
Day's Range: 1,574.95 - 1,603.85"
2022-08-04 07:20:00.000042,"1,588.50 +22.40    +1.43%
03:19:30 - Real-time Data. Currency in INR ( Disclaimer )
Type:  Equity
Market:  India
ISIN:  INE009A01021
S/N:  INFY","Summary:Strong Buy
Moving Averages:Strong BuyBuy (11)Sell (1)
Technical Indicators:Strong BuyBuy (10)Sell (1)
Pivot PointsAug 04, 2022 07:10AM GMT
Name
S3
S2
S1
Pivot Points
R1
R2
R3
Classic
1560.74
1568.77
1577.69
1585.72
1594.64
1602.67
1611.59
Fibonacci
1568.77
1575.24
1579.25
1585.72
1592.19
1596.20
1602.67
Camarilla
1581.94
1583.49
1585.05
1585.72
1588.15
1589.71
1591.26
Woodie's
1561.18
1568.99
1578.13
1585.94
1595.08
1602.89
1612.03
DeMark's
-
-
1573.22
1583.49
1590.17
-
-
Technical IndicatorsAug 04, 2022 07:10AM GMT
Name
Value
Action
RSI(14)
66.325
Buy
STOCH(9,6)
70.648
Buy
STOCHRSI(14)
39.589
Sell
MACD(12,26)
15.290
Buy
ADX(14)
36.127
Buy
Williams %R
-28.504
Buy
CCI(14)
89.4626
Buy
ATR(14)
11.3464
High Volatility
Highs/Lows(14)
12.5108
Buy
Ultimate Oscillator
64.584
Buy
ROC
2.971
Buy
Bull/Bear Power(13)
24.8280
Buy
Buy: 10
Sell: 1
Neutral: 0


Summary:Strong Buy
Moving AveragesAug 04, 2022 07:10AM GMT
Period
Simple
Exponential
MA5
1591.19
Sell
1584.41
Buy
MA10
1576.89
Buy
1577.29
Buy
MA20
1559.46
Buy
1567.16
Buy
MA50
1538.91
Buy
1545.49
Buy
MA100
1517.48
Buy
1523.54
Buy
MA200
1494.18
Buy
1503.35
Buy
Buy: 11
Sell: 1


Summary:Strong Buy","Volume: 4,752,708
Bid/Ask: 1,588.40 / 1,588.50
Day's Range: 1,574.95 - 1,603.85"
2022-08-04 07:22:00.000040,"1,588.55 +22.45    +1.43%
03:21:36 - Real-time Data. Currency in INR ( Disclaimer )
Type:  Equity
Market:  India
ISIN:  INE009A01021
S/N:  INFY","Summary:Strong Buy
Moving Averages:Strong BuyBuy (11)Sell (1)
Technical Indicators:Strong BuyBuy (10)Sell (0)
Pivot PointsAug 04, 2022 07:20AM GMT
Name
S3
S2
S1
Pivot Points
R1
R2
R3
Classic
1560.74
1568.77
1577.69
1585.72
1594.64
1602.67
1611.59
Fibonacci
1568.77
1575.24
1579.25
1585.72
1592.19
1596.20
1602.67
Camarilla
1581.94
1583.49
1585.05
1585.72
1588.15
1589.71
1591.26
Woodie's
1561.18
1568.99
1578.13
1585.94
1595.08
1602.89
1612.03
DeMark's
-
-
1573.22
1583.49
1590.17
-
-
Technical IndicatorsAug 04, 2022 07:20AM GMT
Name
Value
Action
RSI(14)
67.633
Buy
STOCH(9,6)
71.456
Buy
STOCHRSI(14)
46.418
Neutral
MACD(12,26)
15.480
Buy
ADX(14)
36.127
Buy
Williams %R
-24.745
Buy
CCI(14)
94.5153
Buy
ATR(14)
11.4571
High Volatility
Highs/Lows(14)
14.8036
Buy
Ultimate Oscillator
65.797
Buy
ROC
3.127
Buy
Bull/Bear Power(13)
25.5920
Buy
Buy: 10
Sell: 0
Neutral: 1


Summary:Strong Buy
Moving AveragesAug 04, 2022 07:20AM GMT
Period
Simple
Exponential
MA5
1591.67
Sell
1585.21
Buy
MA10
1577.13
Buy
1577.72
Buy
MA20
1559.58
Buy
1567.39
Buy
MA50
1538.96
Buy
1545.59
Buy
MA100
1517.50
Buy
1523.59
Buy
MA200
1494.19
Buy
1503.37
Buy
Buy: 11
Sell: 1


Summary:Strong Buy","Volume: 4,768,661
Bid/Ask: 1,587.95 / 1,588.55
Day's Range: 1,574.95 - 1,603.85"
2022-08-04 07:24:00.000042,"1,589.50 +23.40    +1.49%
03:23:36 - Real-time Data. Currency in INR ( Disclaimer )
Type:  Equity
Market:  India
ISIN:  INE009A01021
S/N:  INFY","Summary:Strong Buy
Moving Averages:Strong BuyBuy (11)Sell (1)
Technical Indicators:Strong BuyBuy (10)Sell (0)
Pivot PointsAug 04, 2022 07:20AM GMT
Name
S3
S2
S1
Pivot Points
R1
R2
R3
Classic
1560.74
1568.77
1577.69
1585.72
1594.64
1602.67
1611.59
Fibonacci
1568.77
1575.24
1579.25
1585.72
1592.19
1596.20
1602.67
Camarilla
1581.94
1583.49
1585.05
1585.72
1588.15
1589.71
1591.26
Woodie's
1561.18
1568.99
1578.13
1585.94
1595.08
1602.89
1612.03
DeMark's
-
-
1573.22
1583.49
1590.17
-
-
Technical IndicatorsAug 04, 2022 07:20AM GMT
Name
Value
Action
RSI(14)
67.633
Buy
STOCH(9,6)
71.456
Buy
STOCHRSI(14)
46.418
Neutral
MACD(12,26)
15.480
Buy
ADX(14)
36.127
Buy
Williams %R
-24.745
Buy
CCI(14)
94.5153
Buy
ATR(14)
11.4571
High Volatility
Highs/Lows(14)
14.8036
Buy
Ultimate Oscillator
65.797
Buy
ROC
3.127
Buy
Bull/Bear Power(13)
25.5920
Buy
Buy: 10
Sell: 0
Neutral: 1


Summary:Strong Buy
Moving AveragesAug 04, 2022 07:20AM GMT
Period
Simple
Exponential
MA5
1591.67
Sell
1585.21
Buy
MA10
1577.13
Buy
1577.72
Buy
MA20
1559.58
Buy
1567.39
Buy
MA50
1538.96
Buy
1545.59
Buy
MA100
1517.50
Buy
1523.59
Buy
MA200
1494.19
Buy
1503.37
Buy
Buy: 11
Sell: 1


Summary:Strong Buy","Volume: 4,796,497
Bid/Ask: 1,589.50 / 1,589.60
Day's Range: 1,574.95 - 1,603.85"
2022-08-04 07:26:00.000041,"1,589.90 +23.80    +1.52%
03:25:31 - Real-time Data. Currency in INR ( Disclaimer )
Type:  Equity
Market:  India
ISIN:  INE009A01021
S/N:  INFY","Summary:Strong Buy
Moving Averages:Strong BuyBuy (11)Sell (1)
Technical Indicators:Strong BuyBuy (10)Sell (0)
Pivot PointsAug 04, 2022 07:20AM GMT
Name
S3
S2
S1
Pivot Points
R1
R2
R3
Classic
1560.74
1568.77
1577.69
1585.72
1594.64
1602.67
1611.59
Fibonacci
1568.77
1575.24
1579.25
1585.72
1592.19
1596.20
1602.67
Camarilla
1581.94
1583.49
1585.05
1585.72
1588.15
1589.71
1591.26
Woodie's
1561.18
1568.99
1578.13
1585.94
1595.08
1602.89
1612.03
DeMark's
-
-
1573.22
1583.49
1590.17
-
-
Technical IndicatorsAug 04, 2022 07:20AM GMT
Name
Value
Action
RSI(14)
67.633
Buy
STOCH(9,6)
71.456
Buy
STOCHRSI(14)
46.418
Neutral
MACD(12,26)
15.480
Buy
ADX(14)
36.127
Buy
Williams %R
-24.745
Buy
CCI(14)
94.5153
Buy
ATR(14)
11.4571
High Volatility
Highs/Lows(14)
14.8036
Buy
Ultimate Oscillator
65.797
Buy
ROC
3.127
Buy
Bull/Bear Power(13)
25.5920
Buy
Buy: 10
Sell: 0
Neutral: 1


Summary:Strong Buy
Moving AveragesAug 04, 2022 07:20AM GMT
Period
Simple
Exponential
MA5
1591.67
Sell
1585.21
Buy
MA10
1577.13
Buy
1577.72
Buy
MA20
1559.58
Buy
1567.39
Buy
MA50
1538.96
Buy
1545.59
Buy
MA100
1517.50
Buy
1523.59
Buy
MA200
1494.19
Buy
1503.37
Buy
Buy: 11
Sell: 1


Summary:Strong Buy","Volume: 4,816,101
Bid/Ask: 1,589.85 / 1,589.90
Day's Range: 1,574.95 - 1,603.85"
2022-08-04 07:28:00.000042,"1,589.95 +23.85    +1.52%
03:27:36 - Real-time Data. Currency in INR ( Disclaimer )
Type:  Equity
Market:  India
ISIN:  INE009A01021
S/N:  INFY","Summary:Strong Buy
Moving Averages:Strong BuyBuy (11)Sell (1)
Technical Indicators:Strong BuyBuy (10)Sell (0)
Pivot PointsAug 04, 2022 07:20AM GMT
Name
S3
S2
S1
Pivot Points
R1
R2
R3
Classic
1560.74
1568.77
1577.69
1585.72
1594.64
1602.67
1611.59
Fibonacci
1568.77
1575.24
1579.25
1585.72
1592.19
1596.20
1602.67
Camarilla
1581.94
1583.49
1585.05
1585.72
1588.15
1589.71
1591.26
Woodie's
1561.18
1568.99
1578.13
1585.94
1595.08
1602.89
1612.03
DeMark's
-
-
1573.22
1583.49
1590.17
-
-
Technical IndicatorsAug 04, 2022 07:20AM GMT
Name
Value
Action
RSI(14)
67.633
Buy
STOCH(9,6)
71.456
Buy
STOCHRSI(14)
46.418
Neutral
MACD(12,26)
15.480
Buy
ADX(14)
36.127
Buy
Williams %R
-24.745
Buy
CCI(14)
94.5153
Buy
ATR(14)
11.4571
High Volatility
Highs/Lows(14)
14.8036
Buy
Ultimate Oscillator
65.797
Buy
ROC
3.127
Buy
Bull/Bear Power(13)
25.5920
Buy
Buy: 10
Sell: 0
Neutral: 1


Summary:Strong Buy
Moving AveragesAug 04, 2022 07:20AM GMT
Period
Simple
Exponential
MA5
1591.67
Sell
1585.21
Buy
MA10
1577.13
Buy
1577.72
Buy
MA20
1559.58
Buy
1567.39
Buy
MA50
1538.96
Buy
1545.59
Buy
MA100
1517.50
Buy
1523.59
Buy
MA200
1494.19
Buy
1503.37
Buy
Buy: 11
Sell: 1


Summary:Strong Buy","Volume: 4,834,286
Bid/Ask: 1,589.90 / 1,589.95
Day's Range: 1,574.95 - 1,603.85"
2022-08-04 07:30:00.000040,"1,589.70 +23.60    +1.51%
03:29:31 - Real-time Data. Currency in INR ( Disclaimer )
Type:  Equity
Market:  India
ISIN:  INE009A01021
S/N:  INFY","Summary:Strong Buy
Moving Averages:Strong BuyBuy (11)Sell (1)
Technical Indicators:Strong BuyBuy (10)Sell (0)
Pivot PointsAug 04, 2022 07:20AM GMT
Name
S3
S2
S1
Pivot Points
R1
R2
R3
Classic
1560.74
1568.77
1577.69
1585.72
1594.64
1602.67
1611.59
Fibonacci
1568.77
1575.24
1579.25
1585.72
1592.19
1596.20
1602.67
Camarilla
1581.94
1583.49
1585.05
1585.72
1588.15
1589.71
1591.26
Woodie's
1561.18
1568.99
1578.13
1585.94
1595.08
1602.89
1612.03
DeMark's
-
-
1573.22
1583.49
1590.17
-
-
Technical IndicatorsAug 04, 2022 07:20AM GMT
Name
Value
Action
RSI(14)
67.633
Buy
STOCH(9,6)
71.456
Buy
STOCHRSI(14)
46.418
Neutral
MACD(12,26)
15.480
Buy
ADX(14)
36.127
Buy
Williams %R
-24.745
Buy
CCI(14)
94.5153
Buy
ATR(14)
11.4571
High Volatility
Highs/Lows(14)
14.8036
Buy
Ultimate Oscillator
65.797
Buy
ROC
3.127
Buy
Bull/Bear Power(13)
25.5920
Buy
Buy: 10
Sell: 0
Neutral: 1


Summary:Strong Buy
Moving AveragesAug 04, 2022 07:20AM GMT
Period
Simple
Exponential
MA5
1591.67
Sell
1585.21
Buy
MA10
1577.13
Buy
1577.72
Buy
MA20
1559.58
Buy
1567.39
Buy
MA50
1538.96
Buy
1545.59
Buy
MA100
1517.50
Buy
1523.59
Buy
MA200
1494.19
Buy
1503.37
Buy
Buy: 11
Sell: 1


Summary:Strong Buy","Volume: 4,850,057
Bid/Ask: 1,589.70 / 1,589.80
Day's Range: 1,574.95 - 1,603.85"
2022-08-04 07:32:00.000042,"1,589.90 +23.80    +1.52%
03:31:36 - Real-time Data. Currency in INR ( Disclaimer )
Type:  Equity
Market:  India
ISIN:  INE009A01021
S/N:  INFY","Summary:Strong Buy
Moving Averages:Strong BuyBuy (11)Sell (1)
Technical Indicators:Strong BuyBuy (10)Sell (0)
Pivot PointsAug 04, 2022 07:30AM GMT
Name
S3
S2
S1
Pivot Points
R1
R2
R3
Classic
1560.74
1568.77
1577.69
1585.72
1594.64
1602.67
1611.59
Fibonacci
1568.77
1575.24
1579.25
1585.72
1592.19
1596.20
1602.67
Camarilla
1581.94
1583.49
1585.05
1585.72
1588.15
1589.71
1591.26
Woodie's
1561.18
1568.99
1578.13
1585.94
1595.08
1602.89
1612.03
DeMark's
-
-
1573.22
1583.49
1590.17
-
-
Technical IndicatorsAug 04, 2022 07:30AM GMT
Name
Value
Action
RSI(14)
68.355
Buy
STOCH(9,6)
72.112
Buy
STOCHRSI(14)
50.188
Neutral
MACD(12,26)
15.630
Buy
ADX(14)
36.127
Buy
Williams %R
-21.691
Buy
CCI(14)
98.6691
Buy
ATR(14)
11.5464
High Volatility
Highs/Lows(14)
16.6643
Buy
Ultimate Oscillator
66.729
Buy
ROC
3.253
Buy
Bull/Bear Power(13)
26.2840
Buy
Buy: 10
Sell: 0
Neutral: 1


Summary:Strong Buy
Moving AveragesAug 04, 2022 07:30AM GMT
Period
Simple
Exponential
MA5
1592.06
Sell
1585.86
Buy
MA10
1577.33
Buy
1578.08
Buy
MA20
1559.68
Buy
1567.57
Buy
MA50
1539.00
Buy
1545.67
Buy
MA100
1517.52
Buy
1523.63
Buy
MA200
1494.20
Buy
1503.39
Buy
Buy: 11
Sell: 1


Summary:Strong Buy","Volume: 4,862,852
Bid/Ask: 1,589.90 / 1,590.00
Day's Range: 1,574.95 - 1,603.85"
2022-08-04 07:34:00.000042,"1,592.55 +26.45    +1.69%
03:33:35 - Real-time Data. Currency in INR ( Disclaimer )
Type:  Equity
Market:  India
ISIN:  INE009A01021
S/N:  INFY","Summary:Strong Buy
Moving Averages:Strong BuyBuy (11)Sell (1)
Technical Indicators:Strong BuyBuy (10)Sell (0)
Pivot PointsAug 04, 2022 07:30AM GMT
Name
S3
S2
S1
Pivot Points
R1
R2
R3
Classic
1560.74
1568.77
1577.69
1585.72
1594.64
1602.67
1611.59
Fibonacci
1568.77
1575.24
1579.25
1585.72
1592.19
1596.20
1602.67
Camarilla
1581.94
1583.49
1585.05
1585.72
1588.15
1589.71
1591.26
Woodie's
1561.18
1568.99
1578.13
1585.94
1595.08
1602.89
1612.03
DeMark's
-
-
1573.22
1583.49
1590.17
-
-
Technical IndicatorsAug 04, 2022 07:30AM GMT
Name
Value
Action
RSI(14)
68.355
Buy
STOCH(9,6)
72.112
Buy
STOCHRSI(14)
50.188
Neutral
MACD(12,26)
15.630
Buy
ADX(14)
36.127
Buy
Williams %R
-21.691
Buy
CCI(14)
98.6691
Buy
ATR(14)
11.5464
High Volatility
Highs/Lows(14)
16.6643
Buy
Ultimate Oscillator
66.729
Buy
ROC
3.253
Buy
Bull/Bear Power(13)
26.2840
Buy
Buy: 10
Sell: 0
Neutral: 1


Summary:Strong Buy
Moving AveragesAug 04, 2022 07:30AM GMT
Period
Simple
Exponential
MA5
1592.06
Sell
1585.86
Buy
MA10
1577.33
Buy
1578.08
Buy
MA20
1559.68
Buy
1567.57
Buy
MA50
1539.00
Buy
1545.67
Buy
MA100
1517.52
Buy
1523.63
Buy
MA200
1494.20
Buy
1503.39
Buy
Buy: 11
Sell: 1


Summary:Strong Buy","Volume: 4,882,309
Bid/Ask: 1,592.30 / 1,592.40
Day's Range: 1,574.95 - 1,603.85"
2022-08-04 07:36:00.000042,"1,592.00 +25.90    +1.65%
03:35:42 - Real-time Data. Currency in INR ( Disclaimer )
Type:  Equity
Market:  India
ISIN:  INE009A01021
S/N:  INFY","Summary:Strong Buy
Moving Averages:Strong BuyBuy (11)Sell (1)
Technical Indicators:Strong BuyBuy (10)Sell (0)
Pivot PointsAug 04, 2022 07:30AM GMT
Name
S3
S2
S1
Pivot Points
R1
R2
R3
Classic
1560.74
1568.77
1577.69
1585.72
1594.64
1602.67
1611.59
Fibonacci
1568.77
1575.24
1579.25
1585.72
1592.19
1596.20
1602.67
Camarilla
1581.94
1583.49
1585.05
1585.72
1588.15
1589.71
1591.26
Woodie's
1561.18
1568.99
1578.13
1585.94
1595.08
1602.89
1612.03
DeMark's
-
-
1573.22
1583.49
1590.17
-
-
Technical IndicatorsAug 04, 2022 07:30AM GMT
Name
Value
Action
RSI(14)
68.355
Buy
STOCH(9,6)
72.112
Buy
STOCHRSI(14)
50.188
Neutral
MACD(12,26)
15.630
Buy
ADX(14)
36.127
Buy
Williams %R
-21.691
Buy
CCI(14)
98.6691
Buy
ATR(14)
11.5464
High Volatility
Highs/Lows(14)
16.6643
Buy
Ultimate Oscillator
66.729
Buy
ROC
3.253
Buy
Bull/Bear Power(13)
26.2840
Buy
Buy: 10
Sell: 0
Neutral: 1


Summary:Strong Buy
Moving AveragesAug 04, 2022 07:30AM GMT
Period
Simple
Exponential
MA5
1592.06
Sell
1585.86
Buy
MA10
1577.33
Buy
1578.08
Buy
MA20
1559.68
Buy
1567.57
Buy
MA50
1539.00
Buy
1545.67
Buy
MA100
1517.52
Buy
1523.63
Buy
MA200
1494.20
Buy
1503.39
Buy
Buy: 11
Sell: 1


Summary:Strong Buy","Volume: 4,906,766
Bid/Ask: 1,591.50 / 1,591.60
Day's Range: 1,574.95 - 1,603.85"
2022-08-04 07:38:00.000043,"1,591.10 +25.00    +1.60%
03:37:43 - Real-time Data. Currency in INR ( Disclaimer )
Type:  Equity
Market:  India
ISIN:  INE009A01021
S/N:  INFY","Summary:Strong Buy
Moving Averages:Strong BuyBuy (11)Sell (1)
Technical Indicators:Strong BuyBuy (10)Sell (0)
Pivot PointsAug 04, 2022 07:30AM GMT
Name
S3
S2
S1
Pivot Points
R1
R2
R3
Classic
1560.74
1568.77
1577.69
1585.72
1594.64
1602.67
1611.59
Fibonacci
1568.77
1575.24
1579.25
1585.72
1592.19
1596.20
1602.67
Camarilla
1581.94
1583.49
1585.05
1585.72
1588.15
1589.71
1591.26
Woodie's
1561.18
1568.99
1578.13
1585.94
1595.08
1602.89
1612.03
DeMark's
-
-
1573.22
1583.49
1590.17
-
-
Technical IndicatorsAug 04, 2022 07:30AM GMT
Name
Value
Action
RSI(14)
68.355
Buy
STOCH(9,6)
72.112
Buy
STOCHRSI(14)
50.188
Neutral
MACD(12,26)
15.630
Buy
ADX(14)
36.127
Buy
Williams %R
-21.691
Buy
CCI(14)
98.6691
Buy
ATR(14)
11.5464
High Volatility
Highs/Lows(14)
16.6643
Buy
Ultimate Oscillator
66.729
Buy
ROC
3.253
Buy
Bull/Bear Power(13)
26.2840
Buy
Buy: 10
Sell: 0
Neutral: 1


Summary:Strong Buy
Moving AveragesAug 04, 2022 07:30AM GMT
Period
Simple
Exponential
MA5
1592.06
Sell
1585.86
Buy
MA10
1577.33
Buy
1578.08
Buy
MA20
1559.68
Buy
1567.57
Buy
MA50
1539.00
Buy
1545.67
Buy
MA100
1517.52
Buy
1523.63
Buy
MA200
1494.20
Buy
1503.39
Buy
Buy: 11
Sell: 1


Summary:Strong Buy","Volume: 4,921,389
Bid/Ask: 1,591.05 / 1,591.60
Day's Range: 1,574.95 - 1,603.85"
2022-08-04 07:40:00.000042,"1,591.10 +25.00    +1.60%
03:39:42 - Real-time Data. Currency in INR ( Disclaimer )
Type:  Equity
Market:  India
ISIN:  INE009A01021
S/N:  INFY","Summary:Strong Buy
Moving Averages:Strong BuyBuy (11)Sell (1)
Technical Indicators:Strong BuyBuy (10)Sell (0)
Pivot PointsAug 04, 2022 07:30AM GMT
Name
S3
S2
S1
Pivot Points
R1
R2
R3
Classic
1560.74
1568.77
1577.69
1585.72
1594.64
1602.67
1611.59
Fibonacci
1568.77
1575.24
1579.25
1585.72
1592.19
1596.20
1602.67
Camarilla
1581.94
1583.49
1585.05
1585.72
1588.15
1589.71
1591.26
Woodie's
1561.18
1568.99
1578.13
1585.94
1595.08
1602.89
1612.03
DeMark's
-
-
1573.22
1583.49
1590.17
-
-
Technical IndicatorsAug 04, 2022 07:30AM GMT
Name
Value
Action
RSI(14)
68.355
Buy
STOCH(9,6)
72.112
Buy
STOCHRSI(14)
50.188
Neutral
MACD(12,26)
15.630
Buy
ADX(14)
36.127
Buy
Williams %R
-21.691
Buy
CCI(14)
98.6691
Buy
ATR(14)
11.5464
High Volatility
Highs/Lows(14)
16.6643
Buy
Ultimate Oscillator
66.729
Buy
ROC
3.253
Buy
Bull/Bear Power(13)
26.2840
Buy
Buy: 10
Sell: 0
Neutral: 1


Summary:Strong Buy
Moving AveragesAug 04, 2022 07:30AM GMT
Period
Simple
Exponential
MA5
1592.06
Sell
1585.86
Buy
MA10
1577.33
Buy
1578.08
Buy
MA20
1559.68
Buy
1567.57
Buy
MA50
1539.00
Buy
1545.67
Buy
MA100
1517.52
Buy
1523.63
Buy
MA200
1494.20
Buy
1503.39
Buy
Buy: 11
Sell: 1


Summary:Strong Buy","Volume: 4,939,791
Bid/Ask: 1,590.55 / 1,591.10
Day's Range: 1,574.95 - 1,603.85"
2022-08-04 07:42:00.000042,"1,589.25 +23.15    +1.48%
03:41:32 - Real-time Data. Currency in INR ( Disclaimer )
Type:  Equity
Market:  India
ISIN:  INE009A01021
S/N:  INFY","Summary:Strong Buy
Moving Averages:Strong BuyBuy (11)Sell (1)
Technical Indicators:Strong BuyBuy (10)Sell (0)
Pivot PointsAug 04, 2022 07:40AM GMT
Name
S3
S2
S1
Pivot Points
R1
R2
R3
Classic
1560.74
1568.77
1577.69
1585.72
1594.64
1602.67
1611.59
Fibonacci
1568.77
1575.24
1579.25
1585.72
1592.19
1596.20
1602.67
Camarilla
1581.94
1583.49
1585.05
1585.72
1588.15
1589.71
1591.26
Woodie's
1561.18
1568.99
1578.13
1585.94
1595.08
1602.89
1612.03
DeMark's
-
-
1573.22
1583.49
1590.17
-
-
Technical IndicatorsAug 04, 2022 07:40AM GMT
Name
Value
Action
RSI(14)
67.595
Buy
STOCH(9,6)
71.422
Buy
STOCHRSI(14)
46.220
Neutral
MACD(12,26)
15.470
Buy
ADX(14)
36.127
Buy
Williams %R
-24.902
Buy
CCI(14)
98.6691
Buy
ATR(14)
11.6928
High Volatility
Highs/Lows(14)
14.4678
Buy
Ultimate Oscillator
63.951
Buy
ROC
3.120
Buy
Bull/Bear Power(13)
28.9200
Buy
Buy: 10
Sell: 0
Neutral: 1


Summary:Strong Buy
Moving AveragesAug 04, 2022 07:40AM GMT
Period
Simple
Exponential
MA5
1591.65
Sell
1585.18
Buy
MA10
1577.12
Buy
1577.71
Buy
MA20
1559.57
Buy
1567.38
Buy
MA50
1538.95
Buy
1545.58
Buy
MA100
1517.50
Buy
1523.58
Buy
MA200
1494.19
Buy
1503.37
Buy
Buy: 11
Sell: 1


Summary:Strong Buy","Volume: 4,970,422
Bid/Ask: 1,589.25 / 1,589.70
Day's Range: 1,574.95 - 1,603.85"
2022-08-04 07:44:00.000046,"1,589.90 +23.80    +1.52%
03:43:28 - Real-time Data. Currency in INR ( Disclaimer )
Type:  Equity
Market:  India
ISIN:  INE009A01021
S/N:  INFY","Summary:Strong Buy
Moving Averages:Strong BuyBuy (11)Sell (1)
Technical Indicators:Strong BuyBuy (10)Sell (0)
Pivot PointsAug 04, 2022 07:40AM GMT
Name
S3
S2
S1
Pivot Points
R1
R2
R3
Classic
1560.74
1568.77
1577.69
1585.72
1594.64
1602.67
1611.59
Fibonacci
1568.77
1575.24
1579.25
1585.72
1592.19
1596.20
1602.67
Camarilla
1581.94
1583.49
1585.05
1585.72
1588.15
1589.71
1591.26
Woodie's
1561.18
1568.99
1578.13
1585.94
1595.08
1602.89
1612.03
DeMark's
-
-
1573.22
1583.49
1590.17
-
-
Technical IndicatorsAug 04, 2022 07:40AM GMT
Name
Value
Action
RSI(14)
67.595
Buy
STOCH(9,6)
71.422
Buy
STOCHRSI(14)
46.220
Neutral
MACD(12,26)
15.470
Buy
ADX(14)
36.127
Buy
Williams %R
-24.902
Buy
CCI(14)
98.6691
Buy
ATR(14)
11.6928
High Volatility
Highs/Lows(14)
14.4678
Buy
Ultimate Oscillator
63.951
Buy
ROC
3.120
Buy
Bull/Bear Power(13)
28.9200
Buy
Buy: 10
Sell: 0
Neutral: 1


Summary:Strong Buy
Moving AveragesAug 04, 2022 07:40AM GMT
Period
Simple
Exponential
MA5
1591.65
Sell
1585.18
Buy
MA10
1577.12
Buy
1577.71
Buy
MA20
1559.57
Buy
1567.38
Buy
MA50
1538.95
Buy
1545.58
Buy
MA100
1517.50
Buy
1523.58
Buy
MA200
1494.19
Buy
1503.37
Buy
Buy: 11
Sell: 1


Summary:Strong Buy","Volume: 4,989,647
Bid/Ask: 1,589.25 / 1,589.85
Day's Range: 1,574.95 - 1,603.85"
2022-08-04 07:46:00.000041,"1,590.00 +23.90    +1.53%
03:45:32 - Real-time Data. Currency in INR ( Disclaimer )
Type:  Equity
Market:  India
ISIN:  INE009A01021
S/N:  INFY","Summary:Strong Buy
Moving Averages:Strong BuyBuy (11)Sell (1)
Technical Indicators:Strong BuyBuy (10)Sell (0)
Pivot PointsAug 04, 2022 07:40AM GMT
Name
S3
S2
S1
Pivot Points
R1
R2
R3
Classic
1560.74
1568.77
1577.69
1585.72
1594.64
1602.67
1611.59
Fibonacci
1568.77
1575.24
1579.25
1585.72
1592.19
1596.20
1602.67
Camarilla
1581.94
1583.49
1585.05
1585.72
1588.15
1589.71
1591.26
Woodie's
1561.18
1568.99
1578.13
1585.94
1595.08
1602.89
1612.03
DeMark's
-
-
1573.22
1583.49
1590.17
-
-
Technical IndicatorsAug 04, 2022 07:40AM GMT
Name
Value
Action
RSI(14)
67.595
Buy
STOCH(9,6)
71.422
Buy
STOCHRSI(14)
46.220
Neutral
MACD(12,26)
15.470
Buy
ADX(14)
36.127
Buy
Williams %R
-24.902
Buy
CCI(14)
98.6691
Buy
ATR(14)
11.6928
High Volatility
Highs/Lows(14)
14.4678
Buy
Ultimate Oscillator
63.951
Buy
ROC
3.120
Buy
Bull/Bear Power(13)
28.9200
Buy
Buy: 10
Sell: 0
Neutral: 1


Summary:Strong Buy
Moving AveragesAug 04, 2022 07:40AM GMT
Period
Simple
Exponential
MA5
1591.65
Sell
1585.18
Buy
MA10
1577.12
Buy
1577.71
Buy
MA20
1559.57
Buy
1567.38
Buy
MA50
1538.95
Buy
1545.58
Buy
MA100
1517.50
Buy
1523.58
Buy
MA200
1494.19
Buy
1503.37
Buy
Buy: 11
Sell: 1


Summary:Strong Buy","Volume: 5,001,434
Bid/Ask: 1,589.95 / 1,590.00
Day's Range: 1,574.95 - 1,603.85"
2022-08-04 07:48:00.000044,"1,590.20 +24.10    +1.54%
03:47:43 - Real-time Data. Currency in INR ( Disclaimer )
Type:  Equity
Market:  India
ISIN:  INE009A01021
S/N:  INFY","Summary:Strong Buy
Moving Averages:Strong BuyBuy (11)Sell (1)
Technical Indicators:Strong BuyBuy (10)Sell (0)
Pivot PointsAug 04, 2022 07:40AM GMT
Name
S3
S2
S1
Pivot Points
R1
R2
R3
Classic
1560.74
1568.77
1577.69
1585.72
1594.64
1602.67
1611.59
Fibonacci
1568.77
1575.24
1579.25
1585.72
1592.19
1596.20
1602.67
Camarilla
1581.94
1583.49
1585.05
1585.72
1588.15
1589.71
1591.26
Woodie's
1561.18
1568.99
1578.13
1585.94
1595.08
1602.89
1612.03
DeMark's
-
-
1573.22
1583.49
1590.17
-
-
Technical IndicatorsAug 04, 2022 07:40AM GMT
Name
Value
Action
RSI(14)
67.595
Buy
STOCH(9,6)
71.422
Buy
STOCHRSI(14)
46.220
Neutral
MACD(12,26)
15.470
Buy
ADX(14)
36.127
Buy
Williams %R
-24.902
Buy
CCI(14)
98.6691
Buy
ATR(14)
11.6928
High Volatility
Highs/Lows(14)
14.4678
Buy
Ultimate Oscillator
63.951
Buy
ROC
3.120
Buy
Bull/Bear Power(13)
28.9200
Buy
Buy: 10
Sell: 0
Neutral: 1


Summary:Strong Buy
Moving AveragesAug 04, 2022 07:40AM GMT
Period
Simple
Exponential
MA5
1591.65
Sell
1585.18
Buy
MA10
1577.12
Buy
1577.71
Buy
MA20
1559.57
Buy
1567.38
Buy
MA50
1538.95
Buy
1545.58
Buy
MA100
1517.50
Buy
1523.58
Buy
MA200
1494.19
Buy
1503.37
Buy
Buy: 11
Sell: 1


Summary:Strong Buy","Volume: 5,033,052
Bid/Ask: 1,590.10 / 1,590.70
Day's Range: 1,574.95 - 1,603.85"
2022-08-04 07:50:00.000041,"1,590.35 +24.25    +1.55%
03:49:33 - Real-time Data. Currency in INR ( Disclaimer )
Type:  Equity
Market:  India
ISIN:  INE009A01021
S/N:  INFY","Summary:Strong Buy
Moving Averages:Strong BuyBuy (11)Sell (1)
Technical Indicators:Strong BuyBuy (10)Sell (0)
Pivot PointsAug 04, 2022 07:40AM GMT
Name
S3
S2
S1
Pivot Points
R1
R2
R3
Classic
1560.74
1568.77
1577.69
1585.72
1594.64
1602.67
1611.59
Fibonacci
1568.77
1575.24
1579.25
1585.72
1592.19
1596.20
1602.67
Camarilla
1581.94
1583.49
1585.05
1585.72
1588.15
1589.71
1591.26
Woodie's
1561.18
1568.99
1578.13
1585.94
1595.08
1602.89
1612.03
DeMark's
-
-
1573.22
1583.49
1590.17
-
-
Technical IndicatorsAug 04, 2022 07:40AM GMT
Name
Value
Action
RSI(14)
67.595
Buy
STOCH(9,6)
71.422
Buy
STOCHRSI(14)
46.220
Neutral
MACD(12,26)
15.470
Buy
ADX(14)
36.127
Buy
Williams %R
-24.902
Buy
CCI(14)
98.6691
Buy
ATR(14)
11.6928
High Volatility
Highs/Lows(14)
14.4678
Buy
Ultimate Oscillator
63.951
Buy
ROC
3.120
Buy
Bull/Bear Power(13)
28.9200
Buy
Buy: 10
Sell: 0
Neutral: 1


Summary:Strong Buy
Moving AveragesAug 04, 2022 07:40AM GMT
Period
Simple
Exponential
MA5
1591.65
Sell
1585.18
Buy
MA10
1577.12
Buy
1577.71
Buy
MA20
1559.57
Buy
1567.38
Buy
MA50
1538.95
Buy
1545.58
Buy
MA100
1517.50
Buy
1523.58
Buy
MA200
1494.19
Buy
1503.37
Buy
Buy: 11
Sell: 1


Summary:Strong Buy","Volume: 5,044,332
Bid/Ask: 1,590.35 / 1,590.40
Day's Range: 1,574.95 - 1,603.85"
2022-08-04 07:52:00.000043,"1,591.35 +25.25    +1.61%
03:51:37 - Real-time Data. Currency in INR ( Disclaimer )
Type:  Equity
Market:  India
ISIN:  INE009A01021
S/N:  INFY","Summary:Strong Buy
Moving Averages:Strong BuyBuy (11)Sell (1)
Technical Indicators:Strong BuyBuy (10)Sell (0)
Pivot PointsAug 04, 2022 07:50AM GMT
Name
S3
S2
S1
Pivot Points
R1
R2
R3
Classic
1560.74
1568.77
1577.69
1585.72
1594.64
1602.67
1611.59
Fibonacci
1568.77
1575.24
1579.25
1585.72
1592.19
1596.20
1602.67
Camarilla
1581.94
1583.49
1585.05
1585.72
1588.15
1589.71
1591.26
Woodie's
1561.18
1568.99
1578.13
1585.94
1595.08
1602.89
1612.03
DeMark's
-
-
1573.22
1583.49
1590.17
-
-
Technical IndicatorsAug 04, 2022 07:50AM GMT
Name
Value
Action
RSI(14)
68.677
Buy
STOCH(9,6)
72.414
Buy
STOCHRSI(14)
51.869
Neutral
MACD(12,26)
15.710
Buy
ADX(14)
36.127
Buy
Williams %R
-20.282
Buy
CCI(14)
102.4623
Buy
ATR(14)
11.6928
High Volatility
Highs/Lows(14)
17.4179
Buy
Ultimate Oscillator
66.347
Buy
ROC
3.312
Buy
Bull/Bear Power(13)
28.0780
Buy
Buy: 10
Sell: 0
Neutral: 1


Summary:Strong Buy
Moving AveragesAug 04, 2022 07:50AM GMT
Period
Simple
Exponential
MA5
1592.24
Sell
1586.16
Buy
MA10
1577.42
Buy
1578.24
Buy
MA20
1559.72
Buy
1567.66
Buy
MA50
1539.01
Buy
1545.70
Buy
MA100
1517.53
Buy
1523.64
Buy
MA200
1494.21
Buy
1503.40
Buy
Buy: 11
Sell: 1


Summary:Strong Buy","Volume: 5,057,473
Bid/Ask: 1,591.35 / 1,591.85
Day's Range: 1,574.95 - 1,603.85"
2022-08-04 07:54:00.000043,"1,591.00 +24.90    +1.59%
03:53:32 - Real-time Data. Currency in INR ( Disclaimer )
Type:  Equity
Market:  India
ISIN:  INE009A01021
S/N:  INFY","Summary:Strong Buy
Moving Averages:Strong BuyBuy (11)Sell (1)
Technical Indicators:Strong BuyBuy (10)Sell (0)
Pivot PointsAug 04, 2022 07:50AM GMT
Name
S3
S2
S1
Pivot Points
R1
R2
R3
Classic
1560.74
1568.77
1577.69
1585.72
1594.64
1602.67
1611.59
Fibonacci
1568.77
1575.24
1579.25
1585.72
1592.19
1596.20
1602.67
Camarilla
1581.94
1583.49
1585.05
1585.72
1588.15
1589.71
1591.26
Woodie's
1561.18
1568.99
1578.13
1585.94
1595.08
1602.89
1612.03
DeMark's
-
-
1573.22
1583.49
1590.17
-
-
Technical IndicatorsAug 04, 2022 07:50AM GMT
Name
Value
Action
RSI(14)
68.677
Buy
STOCH(9,6)
72.414
Buy
STOCHRSI(14)
51.869
Neutral
MACD(12,26)
15.710
Buy
ADX(14)
36.127
Buy
Williams %R
-20.282
Buy
CCI(14)
102.4623
Buy
ATR(14)
11.6928
High Volatility
Highs/Lows(14)
17.4179
Buy
Ultimate Oscillator
66.347
Buy
ROC
3.312
Buy
Bull/Bear Power(13)
28.0780
Buy
Buy: 10
Sell: 0
Neutral: 1


Summary:Strong Buy
Moving AveragesAug 04, 2022 07:50AM GMT
Period
Simple
Exponential
MA5
1592.24
Sell
1586.16
Buy
MA10
1577.42
Buy
1578.24
Buy
MA20
1559.72
Buy
1567.66
Buy
MA50
1539.01
Buy
1545.70
Buy
MA100
1517.53
Buy
1523.64
Buy
MA200
1494.21
Buy
1503.40
Buy
Buy: 11
Sell: 1


Summary:Strong Buy","Volume: 5,068,762
Bid/Ask: 1,591.00 / 1,591.25
Day's Range: 1,574.95 - 1,603.85"
2022-08-04 07:56:00.000041,"1,591.15 +25.05    +1.60%
03:55:27 - Real-time Data. Currency in INR ( Disclaimer )
Type:  Equity
Market:  India
ISIN:  INE009A01021
S/N:  INFY","Summary:Strong Buy
Moving Averages:Strong BuyBuy (11)Sell (1)
Technical Indicators:Strong BuyBuy (10)Sell (0)
Pivot PointsAug 04, 2022 07:50AM GMT
Name
S3
S2
S1
Pivot Points
R1
R2
R3
Classic
1560.74
1568.77
1577.69
1585.72
1594.64
1602.67
1611.59
Fibonacci
1568.77
1575.24
1579.25
1585.72
1592.19
1596.20
1602.67
Camarilla
1581.94
1583.49
1585.05
1585.72
1588.15
1589.71
1591.26
Woodie's
1561.18
1568.99
1578.13
1585.94
1595.08
1602.89
1612.03
DeMark's
-
-
1573.22
1583.49
1590.17
-
-
Technical IndicatorsAug 04, 2022 07:50AM GMT
Name
Value
Action
RSI(14)
68.677
Buy
STOCH(9,6)
72.414
Buy
STOCHRSI(14)
51.869
Neutral
MACD(12,26)
15.710
Buy
ADX(14)
36.127
Buy
Williams %R
-20.282
Buy
CCI(14)
102.4623
Buy
ATR(14)
11.6928
High Volatility
Highs/Lows(14)
17.4179
Buy
Ultimate Oscillator
66.347
Buy
ROC
3.312
Buy
Bull/Bear Power(13)
28.0780
Buy
Buy: 10
Sell: 0
Neutral: 1


Summary:Strong Buy
Moving AveragesAug 04, 2022 07:50AM GMT
Period
Simple
Exponential
MA5
1592.24
Sell
1586.16
Buy
MA10
1577.42
Buy
1578.24
Buy
MA20
1559.72
Buy
1567.66
Buy
MA50
1539.01
Buy
1545.70
Buy
MA100
1517.53
Buy
1523.64
Buy
MA200
1494.21
Buy
1503.40
Buy
Buy: 11
Sell: 1


Summary:Strong Buy","Volume: 5,083,315
Bid/Ask: 1,591.00 / 1,591.15
Day's Range: 1,574.95 - 1,603.85"
2022-08-04 07:58:00.000041,"1,590.75 +24.65    +1.57%
03:57:28 - Real-time Data. Currency in INR ( Disclaimer )
Type:  Equity
Market:  India
ISIN:  INE009A01021
S/N:  INFY","Summary:Strong Buy
Moving Averages:Strong BuyBuy (11)Sell (1)
Technical Indicators:Strong BuyBuy (10)Sell (0)
Pivot PointsAug 04, 2022 07:50AM GMT
Name
S3
S2
S1
Pivot Points
R1
R2
R3
Classic
1560.74
1568.77
1577.69
1585.72
1594.64
1602.67
1611.59
Fibonacci
1568.77
1575.24
1579.25
1585.72
1592.19
1596.20
1602.67
Camarilla
1581.94
1583.49
1585.05
1585.72
1588.15
1589.71
1591.26
Woodie's
1561.18
1568.99
1578.13
1585.94
1595.08
1602.89
1612.03
DeMark's
-
-
1573.22
1583.49
1590.17
-
-
Technical IndicatorsAug 04, 2022 07:50AM GMT
Name
Value
Action
RSI(14)
68.677
Buy
STOCH(9,6)
72.414
Buy
STOCHRSI(14)
51.869
Neutral
MACD(12,26)
15.710
Buy
ADX(14)
36.127
Buy
Williams %R
-20.282
Buy
CCI(14)
102.4623
Buy
ATR(14)
11.6928
High Volatility
Highs/Lows(14)
17.4179
Buy
Ultimate Oscillator
66.347
Buy
ROC
3.312
Buy
Bull/Bear Power(13)
28.0780
Buy
Buy: 10
Sell: 0
Neutral: 1


Summary:Strong Buy
Moving AveragesAug 04, 2022 07:50AM GMT
Period
Simple
Exponential
MA5
1592.24
Sell
1586.16
Buy
MA10
1577.42
Buy
1578.24
Buy
MA20
1559.72
Buy
1567.66
Buy
MA50
1539.01
Buy
1545.70
Buy
MA100
1517.53
Buy
1523.64
Buy
MA200
1494.21
Buy
1503.40
Buy
Buy: 11
Sell: 1


Summary:Strong Buy","Volume: 5,095,719
Bid/Ask: 1,590.65 / 1,590.70
Day's Range: 1,574.95 - 1,603.85"
2022-08-04 08:00:00.000043,"1,589.75 +23.65    +1.51%
03:59:28 - Real-time Data. Currency in INR ( Disclaimer )
Type:  Equity
Market:  India
ISIN:  INE009A01021
S/N:  INFY","Summary:Strong Buy
Moving Averages:Strong BuyBuy (11)Sell (1)
Technical Indicators:Strong BuyBuy (10)Sell (0)
Pivot PointsAug 04, 2022 07:50AM GMT
Name
S3
S2
S1
Pivot Points
R1
R2
R3
Classic
1560.74
1568.77
1577.69
1585.72
1594.64
1602.67
1611.59
Fibonacci
1568.77
1575.24
1579.25
1585.72
1592.19
1596.20
1602.67
Camarilla
1581.94
1583.49
1585.05
1585.72
1588.15
1589.71
1591.26
Woodie's
1561.18
1568.99
1578.13
1585.94
1595.08
1602.89
1612.03
DeMark's
-
-
1573.22
1583.49
1590.17
-
-
Technical IndicatorsAug 04, 2022 07:50AM GMT
Name
Value
Action
RSI(14)
68.677
Buy
STOCH(9,6)
72.414
Buy
STOCHRSI(14)
51.869
Neutral
MACD(12,26)
15.710
Buy
ADX(14)
36.127
Buy
Williams %R
-20.282
Buy
CCI(14)
102.4623
Buy
ATR(14)
11.6928
High Volatility
Highs/Lows(14)
17.4179
Buy
Ultimate Oscillator
66.347
Buy
ROC
3.312
Buy
Bull/Bear Power(13)
28.0780
Buy
Buy: 10
Sell: 0
Neutral: 1


Summary:Strong Buy
Moving AveragesAug 04, 2022 07:50AM GMT
Period
Simple
Exponential
MA5
1592.24
Sell
1586.16
Buy
MA10
1577.42
Buy
1578.24
Buy
MA20
1559.72
Buy
1567.66
Buy
MA50
1539.01
Buy
1545.70
Buy
MA100
1517.53
Buy
1523.64
Buy
MA200
1494.21
Buy
1503.40
Buy
Buy: 11
Sell: 1


Summary:Strong Buy","Volume: 5,111,378
Bid/Ask: 1,589.50 / 1,589.85
Day's Range: 1,574.95 - 1,603.85"
2022-08-04 08:02:00.000043,"1,590.00 +23.90    +1.53%
04:01:33 - Real-time Data. Currency in INR ( Disclaimer )
Type:  Equity
Market:  India
ISIN:  INE009A01021
S/N:  INFY","Summary:Strong Buy
Moving Averages:Strong BuyBuy (12)Sell (0)
Technical Indicators:Strong BuyBuy (10)Sell (0)
Pivot PointsAug 04, 2022 08:00AM GMT
Name
S3
S2
S1
Pivot Points
R1
R2
R3
Classic
1578.26
1581.63
1585.81
1589.18
1593.36
1596.73
1600.91
Fibonacci
1581.63
1584.51
1586.30
1589.18
1592.06
1593.85
1596.73
Camarilla
1587.92
1588.62
1589.31
1589.18
1590.69
1591.38
1592.08
Woodie's
1578.68
1581.84
1586.23
1589.39
1593.78
1596.94
1601.33
DeMark's
-
-
1587.50
1590.03
1595.05
-
-
Technical IndicatorsAug 04, 2022 08:00AM GMT
Name
Value
Action
RSI(14)
68.452
Buy
STOCH(9,6)
77.006
Buy
STOCHRSI(14)
49.854
Neutral
MACD(12,26)
15.300
Buy
ADX(14)
38.075
Buy
Williams %R
-21.300
Buy
CCI(14)
87.8024
Buy
ATR(14)
11.4464
High Volatility
Highs/Lows(14)
13.4357
Buy
Ultimate Oscillator
63.054
Buy
ROC
3.022
Buy
Bull/Bear Power(13)
27.0100
Buy
Buy: 10
Sell: 0
Neutral: 1


Summary:Strong Buy
Moving AveragesAug 04, 2022 08:00AM GMT
Period
Simple
Exponential
MA5
1590.03
Buy
1587.17
Buy
MA10
1580.88
Buy
1580.28
Buy
MA20
1562.54
Buy
1570.02
Buy
MA50
1541.60
Buy
1547.55
Buy
MA100
1518.62
Buy
1524.94
Buy
MA200
1494.82
Buy
1504.29
Buy
Buy: 12
Sell: 0


Summary:Strong Buy","Volume: 5,119,668
Bid/Ask: 1,589.95 / 1,590.00
Day's Range: 1,574.95 - 1,603.85"
2022-08-04 08:04:00.000044,"1,590.00 +23.90    +1.53%
04:03:37 - Real-time Data. Currency in INR ( Disclaimer )
Type:  Equity
Market:  India
ISIN:  INE009A01021
S/N:  INFY","Summary:Strong Buy
Moving Averages:Strong BuyBuy (12)Sell (0)
Technical Indicators:Strong BuyBuy (10)Sell (0)
Pivot PointsAug 04, 2022 08:00AM GMT
Name
S3
S2
S1
Pivot Points
R1
R2
R3
Classic
1578.26
1581.63
1585.81
1589.18
1593.36
1596.73
1600.91
Fibonacci
1581.63
1584.51
1586.30
1589.18
1592.06
1593.85
1596.73
Camarilla
1587.92
1588.62
1589.31
1589.18
1590.69
1591.38
1592.08
Woodie's
1578.68
1581.84
1586.23
1589.39
1593.78
1596.94
1601.33
DeMark's
-
-
1587.50
1590.03
1595.05
-
-
Technical IndicatorsAug 04, 2022 08:00AM GMT
Name
Value
Action
RSI(14)
68.452
Buy
STOCH(9,6)
77.006
Buy
STOCHRSI(14)
49.854
Neutral
MACD(12,26)
15.300
Buy
ADX(14)
38.075
Buy
Williams %R
-21.300
Buy
CCI(14)
87.8024
Buy
ATR(14)
11.4464
High Volatility
Highs/Lows(14)
13.4357
Buy
Ultimate Oscillator
63.054
Buy
ROC
3.022
Buy
Bull/Bear Power(13)
27.0100
Buy
Buy: 10
Sell: 0
Neutral: 1


Summary:Strong Buy
Moving AveragesAug 04, 2022 08:00AM GMT
Period
Simple
Exponential
MA5
1590.03
Buy
1587.17
Buy
MA10
1580.88
Buy
1580.28
Buy
MA20
1562.54
Buy
1570.02
Buy
MA50
1541.60
Buy
1547.55
Buy
MA100
1518.62
Buy
1524.94
Buy
MA200
1494.82
Buy
1504.29
Buy
Buy: 12
Sell: 0


Summary:Strong Buy","Volume: 5,139,074
Bid/Ask: 1,589.25 / 1,589.55
Day's Range: 1,574.95 - 1,603.85"
2022-08-04 08:06:00.000043,"1,586.10 +20.00    +1.28%
04:05:38 - Real-time Data. Currency in INR ( Disclaimer )
Type:  Equity
Market:  India
ISIN:  INE009A01021
S/N:  INFY","Summary:Strong Buy
Moving Averages:Strong BuyBuy (12)Sell (0)
Technical Indicators:Strong BuyBuy (10)Sell (0)
Pivot PointsAug 04, 2022 08:00AM GMT
Name
S3
S2
S1
Pivot Points
R1
R2
R3
Classic
1578.26
1581.63
1585.81
1589.18
1593.36
1596.73
1600.91
Fibonacci
1581.63
1584.51
1586.30
1589.18
1592.06
1593.85
1596.73
Camarilla
1587.92
1588.62
1589.31
1589.18
1590.69
1591.38
1592.08
Woodie's
1578.68
1581.84
1586.23
1589.39
1593.78
1596.94
1601.33
DeMark's
-
-
1587.50
1590.03
1595.05
-
-
Technical IndicatorsAug 04, 2022 08:00AM GMT
Name
Value
Action
RSI(14)
68.452
Buy
STOCH(9,6)
77.006
Buy
STOCHRSI(14)
49.854
Neutral
MACD(12,26)
15.300
Buy
ADX(14)
38.075
Buy
Williams %R
-21.300
Buy
CCI(14)
87.8024
Buy
ATR(14)
11.4464
High Volatility
Highs/Lows(14)
13.4357
Buy
Ultimate Oscillator
63.054
Buy
ROC
3.022
Buy
Bull/Bear Power(13)
27.0100
Buy
Buy: 10
Sell: 0
Neutral: 1


Summary:Strong Buy
Moving AveragesAug 04, 2022 08:00AM GMT
Period
Simple
Exponential
MA5
1590.03
Buy
1587.17
Buy
MA10
1580.88
Buy
1580.28
Buy
MA20
1562.54
Buy
1570.02
Buy
MA50
1541.60
Buy
1547.55
Buy
MA100
1518.62
Buy
1524.94
Buy
MA200
1494.82
Buy
1504.29
Buy
Buy: 12
Sell: 0


Summary:Strong Buy","Volume: 5,188,516
Bid/Ask: 1,586.05 / 1,586.10
Day's Range: 1,574.95 - 1,603.85"
2022-08-04 08:08:00.000044,"1,586.80 +20.70    +1.32%
04:07:38 - Real-time Data. Currency in INR ( Disclaimer )
Type:  Equity
Market:  India
ISIN:  INE009A01021
S/N:  INFY","Summary:Strong Buy
Moving Averages:Strong BuyBuy (12)Sell (0)
Technical Indicators:Strong BuyBuy (10)Sell (0)
Pivot PointsAug 04, 2022 08:00AM GMT
Name
S3
S2
S1
Pivot Points
R1
R2
R3
Classic
1578.26
1581.63
1585.81
1589.18
1593.36
1596.73
1600.91
Fibonacci
1581.63
1584.51
1586.30
1589.18
1592.06
1593.85
1596.73
Camarilla
1587.92
1588.62
1589.31
1589.18
1590.69
1591.38
1592.08
Woodie's
1578.68
1581.84
1586.23
1589.39
1593.78
1596.94
1601.33
DeMark's
-
-
1587.50
1590.03
1595.05
-
-
Technical IndicatorsAug 04, 2022 08:00AM GMT
Name
Value
Action
RSI(14)
68.452
Buy
STOCH(9,6)
77.006
Buy
STOCHRSI(14)
49.854
Neutral
MACD(12,26)
15.300
Buy
ADX(14)
38.075
Buy
Williams %R
-21.300
Buy
CCI(14)
87.8024
Buy
ATR(14)
11.4464
High Volatility
Highs/Lows(14)
13.4357
Buy
Ultimate Oscillator
63.054
Buy
ROC
3.022
Buy
Bull/Bear Power(13)
27.0100
Buy
Buy: 10
Sell: 0
Neutral: 1


Summary:Strong Buy
Moving AveragesAug 04, 2022 08:00AM GMT
Period
Simple
Exponential
MA5
1590.03
Buy
1587.17
Buy
MA10
1580.88
Buy
1580.28
Buy
MA20
1562.54
Buy
1570.02
Buy
MA50
1541.60
Buy
1547.55
Buy
MA100
1518.62
Buy
1524.94
Buy
MA200
1494.82
Buy
1504.29
Buy
Buy: 12
Sell: 0


Summary:Strong Buy","Volume: 5,211,821
Bid/Ask: 1,586.80 / 1,587.00
Day's Range: 1,574.95 - 1,603.85"
2022-08-04 08:10:00.000041,"1,586.20 +20.10    +1.28%
04:09:41 - Real-time Data. Currency in INR ( Disclaimer )
Type:  Equity
Market:  India
ISIN:  INE009A01021
S/N:  INFY","Summary:Strong Buy
Moving Averages:Strong BuyBuy (12)Sell (0)
Technical Indicators:Strong BuyBuy (10)Sell (0)
Pivot PointsAug 04, 2022 08:00AM GMT
Name
S3
S2
S1
Pivot Points
R1
R2
R3
Classic
1578.26
1581.63
1585.81
1589.18
1593.36
1596.73
1600.91
Fibonacci
1581.63
1584.51
1586.30
1589.18
1592.06
1593.85
1596.73
Camarilla
1587.92
1588.62
1589.31
1589.18
1590.69
1591.38
1592.08
Woodie's
1578.68
1581.84
1586.23
1589.39
1593.78
1596.94
1601.33
DeMark's
-
-
1587.50
1590.03
1595.05
-
-
Technical IndicatorsAug 04, 2022 08:00AM GMT
Name
Value
Action
RSI(14)
68.452
Buy
STOCH(9,6)
77.006
Buy
STOCHRSI(14)
49.854
Neutral
MACD(12,26)
15.300
Buy
ADX(14)
38.075
Buy
Williams %R
-21.300
Buy
CCI(14)
87.8024
Buy
ATR(14)
11.4464
High Volatility
Highs/Lows(14)
13.4357
Buy
Ultimate Oscillator
63.054
Buy
ROC
3.022
Buy
Bull/Bear Power(13)
27.0100
Buy
Buy: 10
Sell: 0
Neutral: 1


Summary:Strong Buy
Moving AveragesAug 04, 2022 08:00AM GMT
Period
Simple
Exponential
MA5
1590.03
Buy
1587.17
Buy
MA10
1580.88
Buy
1580.28
Buy
MA20
1562.54
Buy
1570.02
Buy
MA50
1541.60
Buy
1547.55
Buy
MA100
1518.62
Buy
1524.94
Buy
MA200
1494.82
Buy
1504.29
Buy
Buy: 12
Sell: 0


Summary:Strong Buy","Volume: 5,233,622
Bid/Ask: 1,586.25 / 1,586.90
Day's Range: 1,574.95 - 1,603.85"
2022-08-04 08:12:00.000042,"1,587.15 +21.05    +1.34%
04:11:32 - Real-time Data. Currency in INR ( Disclaimer )
Type:  Equity
Market:  India
ISIN:  INE009A01021
S/N:  INFY","Summary:Strong Buy
Moving Averages:Strong BuyBuy (11)Sell (1)
Technical Indicators:Strong BuyBuy (10)Sell (1)
Pivot PointsAug 04, 2022 08:10AM GMT
Name
S3
S2
S1
Pivot Points
R1
R2
R3
Classic
1578.26
1581.63
1585.81
1589.18
1593.36
1596.73
1600.91
Fibonacci
1581.63
1584.51
1586.30
1589.18
1592.06
1593.85
1596.73
Camarilla
1587.92
1588.62
1589.31
1589.18
1590.69
1591.38
1592.08
Woodie's
1578.68
1581.84
1586.23
1589.39
1593.78
1596.94
1601.33
DeMark's
-
-
1587.50
1590.03
1595.05
-
-
Technical IndicatorsAug 04, 2022 08:10AM GMT
Name
Value
Action
RSI(14)
66.156
Buy
STOCH(9,6)
75.930
Buy
STOCHRSI(14)
37.661
Sell
MACD(12,26)
15.060
Buy
ADX(14)
38.075
Buy
Williams %R
-25.920
Buy
CCI(14)
77.9013
Buy
ATR(14)
11.7964
High Volatility
Highs/Lows(14)
10.4822
Buy
Ultimate Oscillator
62.069
Buy
ROC
2.831
Buy
Bull/Bear Power(13)
23.0521
Buy
Buy: 10
Sell: 1
Neutral: 0


Summary:Strong Buy
Moving AveragesAug 04, 2022 08:10AM GMT
Period
Simple
Exponential
MA5
1589.44
Sell
1586.19
Buy
MA10
1580.59
Buy
1579.74
Buy
MA20
1562.39
Buy
1569.74
Buy
MA50
1541.54
Buy
1547.43
Buy
MA100
1518.59
Buy
1524.88
Buy
MA200
1494.81
Buy
1504.26
Buy
Buy: 11
Sell: 1


Summary:Strong Buy","Volume: 5,250,548
Bid/Ask: 1,586.70 / 1,587.15
Day's Range: 1,574.95 - 1,603.85"
2022-08-04 08:14:00.000043,"1,586.80 +20.70    +1.32%
04:13:27 - Real-time Data. Currency in INR ( Disclaimer )
Type:  Equity
Market:  India
ISIN:  INE009A01021
S/N:  INFY","Summary:Strong Buy
Moving Averages:Strong BuyBuy (11)Sell (1)
Technical Indicators:Strong BuyBuy (10)Sell (1)
Pivot PointsAug 04, 2022 08:10AM GMT
Name
S3
S2
S1
Pivot Points
R1
R2
R3
Classic
1578.26
1581.63
1585.81
1589.18
1593.36
1596.73
1600.91
Fibonacci
1581.63
1584.51
1586.30
1589.18
1592.06
1593.85
1596.73
Camarilla
1587.92
1588.62
1589.31
1589.18
1590.69
1591.38
1592.08
Woodie's
1578.68
1581.84
1586.23
1589.39
1593.78
1596.94
1601.33
DeMark's
-
-
1587.50
1590.03
1595.05
-
-
Technical IndicatorsAug 04, 2022 08:10AM GMT
Name
Value
Action
RSI(14)
66.156
Buy
STOCH(9,6)
75.930
Buy
STOCHRSI(14)
37.661
Sell
MACD(12,26)
15.060
Buy
ADX(14)
38.075
Buy
Williams %R
-25.920
Buy
CCI(14)
77.9013
Buy
ATR(14)
11.7964
High Volatility
Highs/Lows(14)
10.4822
Buy
Ultimate Oscillator
62.069
Buy
ROC
2.831
Buy
Bull/Bear Power(13)
23.0521
Buy
Buy: 10
Sell: 1
Neutral: 0


Summary:Strong Buy
Moving AveragesAug 04, 2022 08:10AM GMT
Period
Simple
Exponential
MA5
1589.44
Sell
1586.19
Buy
MA10
1580.59
Buy
1579.74
Buy
MA20
1562.39
Buy
1569.74
Buy
MA50
1541.54
Buy
1547.43
Buy
MA100
1518.59
Buy
1524.88
Buy
MA200
1494.81
Buy
1504.26
Buy
Buy: 11
Sell: 1


Summary:Strong Buy","Volume: 5,267,238
Bid/Ask: 1,586.85 / 1,587.45
Day's Range: 1,574.95 - 1,603.85"
2022-08-04 08:16:00.000040,"1,588.10 +22.00    +1.40%
04:15:38 - Real-time Data. Currency in INR ( Disclaimer )
Type:  Equity
Market:  India
ISIN:  INE009A01021
S/N:  INFY","Summary:Strong Buy
Moving Averages:Strong BuyBuy (11)Sell (1)
Technical Indicators:Strong BuyBuy (10)Sell (1)
Pivot PointsAug 04, 2022 08:10AM GMT
Name
S3
S2
S1
Pivot Points
R1
R2
R3
Classic
1578.26
1581.63
1585.81
1589.18
1593.36
1596.73
1600.91
Fibonacci
1581.63
1584.51
1586.30
1589.18
1592.06
1593.85
1596.73
Camarilla
1587.92
1588.62
1589.31
1589.18
1590.69
1591.38
1592.08
Woodie's
1578.68
1581.84
1586.23
1589.39
1593.78
1596.94
1601.33
DeMark's
-
-
1587.50
1590.03
1595.05
-
-
Technical IndicatorsAug 04, 2022 08:10AM GMT
Name
Value
Action
RSI(14)
66.156
Buy
STOCH(9,6)
75.930
Buy
STOCHRSI(14)
37.661
Sell
MACD(12,26)
15.060
Buy
ADX(14)
38.075
Buy
Williams %R
-25.920
Buy
CCI(14)
77.9013
Buy
ATR(14)
11.7964
High Volatility
Highs/Lows(14)
10.4822
Buy
Ultimate Oscillator
62.069
Buy
ROC
2.831
Buy
Bull/Bear Power(13)
23.0521
Buy
Buy: 10
Sell: 1
Neutral: 0


Summary:Strong Buy
Moving AveragesAug 04, 2022 08:10AM GMT
Period
Simple
Exponential
MA5
1589.44
Sell
1586.19
Buy
MA10
1580.59
Buy
1579.74
Buy
MA20
1562.39
Buy
1569.74
Buy
MA50
1541.54
Buy
1547.43
Buy
MA100
1518.59
Buy
1524.88
Buy
MA200
1494.81
Buy
1504.26
Buy
Buy: 11
Sell: 1


Summary:Strong Buy","Volume: 5,285,713
Bid/Ask: 1,588.10 / 1,588.25
Day's Range: 1,574.95 - 1,603.85"
2022-08-04 08:18:00.000042,"1,587.75 +21.65    +1.38%
04:17:33 - Real-time Data. Currency in INR ( Disclaimer )
Type:  Equity
Market:  India
ISIN:  INE009A01021
S/N:  INFY","Summary:Strong Buy
Moving Averages:Strong BuyBuy (11)Sell (1)
Technical Indicators:Strong BuyBuy (10)Sell (1)
Pivot PointsAug 04, 2022 08:10AM GMT
Name
S3
S2
S1
Pivot Points
R1
R2
R3
Classic
1578.26
1581.63
1585.81
1589.18
1593.36
1596.73
1600.91
Fibonacci
1581.63
1584.51
1586.30
1589.18
1592.06
1593.85
1596.73
Camarilla
1587.92
1588.62
1589.31
1589.18
1590.69
1591.38
1592.08
Woodie's
1578.68
1581.84
1586.23
1589.39
1593.78
1596.94
1601.33
DeMark's
-
-
1587.50
1590.03
1595.05
-
-
Technical IndicatorsAug 04, 2022 08:10AM GMT
Name
Value
Action
RSI(14)
66.156
Buy
STOCH(9,6)
75.930
Buy
STOCHRSI(14)
37.661
Sell
MACD(12,26)
15.060
Buy
ADX(14)
38.075
Buy
Williams %R
-25.920
Buy
CCI(14)
77.9013
Buy
ATR(14)
11.7964
High Volatility
Highs/Lows(14)
10.4822
Buy
Ultimate Oscillator
62.069
Buy
ROC
2.831
Buy
Bull/Bear Power(13)
23.0521
Buy
Buy: 10
Sell: 1
Neutral: 0


Summary:Strong Buy
Moving AveragesAug 04, 2022 08:10AM GMT
Period
Simple
Exponential
MA5
1589.44
Sell
1586.19
Buy
MA10
1580.59
Buy
1579.74
Buy
MA20
1562.39
Buy
1569.74
Buy
MA50
1541.54
Buy
1547.43
Buy
MA100
1518.59
Buy
1524.88
Buy
MA200
1494.81
Buy
1504.26
Buy
Buy: 11
Sell: 1


Summary:Strong Buy","Volume: 5,302,508
Bid/Ask: 1,588.35 / 1,588.40
Day's Range: 1,574.95 - 1,603.85"
2022-08-04 08:20:00.000043,"1,588.00 +21.90    +1.40%
04:19:33 - Real-time Data. Currency in INR ( Disclaimer )
Type:  Equity
Market:  India
ISIN:  INE009A01021
S/N:  INFY","Summary:Strong Buy
Moving Averages:Strong BuyBuy (11)Sell (1)
Technical Indicators:Strong BuyBuy (10)Sell (1)
Pivot PointsAug 04, 2022 08:10AM GMT
Name
S3
S2
S1
Pivot Points
R1
R2
R3
Classic
1578.26
1581.63
1585.81
1589.18
1593.36
1596.73
1600.91
Fibonacci
1581.63
1584.51
1586.30
1589.18
1592.06
1593.85
1596.73
Camarilla
1587.92
1588.62
1589.31
1589.18
1590.69
1591.38
1592.08
Woodie's
1578.68
1581.84
1586.23
1589.39
1593.78
1596.94
1601.33
DeMark's
-
-
1587.50
1590.03
1595.05
-
-
Technical IndicatorsAug 04, 2022 08:10AM GMT
Name
Value
Action
RSI(14)
66.156
Buy
STOCH(9,6)
75.930
Buy
STOCHRSI(14)
37.661
Sell
MACD(12,26)
15.060
Buy
ADX(14)
38.075
Buy
Williams %R
-25.920
Buy
CCI(14)
77.9013
Buy
ATR(14)
11.7964
High Volatility
Highs/Lows(14)
10.4822
Buy
Ultimate Oscillator
62.069
Buy
ROC
2.831
Buy
Bull/Bear Power(13)
23.0521
Buy
Buy: 10
Sell: 1
Neutral: 0


Summary:Strong Buy
Moving AveragesAug 04, 2022 08:10AM GMT
Period
Simple
Exponential
MA5
1589.44
Sell
1586.19
Buy
MA10
1580.59
Buy
1579.74
Buy
MA20
1562.39
Buy
1569.74
Buy
MA50
1541.54
Buy
1547.43
Buy
MA100
1518.59
Buy
1524.88
Buy
MA200
1494.81
Buy
1504.26
Buy
Buy: 11
Sell: 1


Summary:Strong Buy","Volume: 5,320,139
Bid/Ask: 1,588.35 / 1,588.55
Day's Range: 1,574.95 - 1,603.85"
2022-08-04 08:22:00.000044,"1,588.30 +22.20    +1.42%
04:21:32 - Real-time Data. Currency in INR ( Disclaimer )
Type:  Equity
Market:  India
ISIN:  INE009A01021
S/N:  INFY","Summary:Strong Buy
Moving Averages:Strong BuyBuy (11)Sell (1)
Technical Indicators:Strong BuyBuy (10)Sell (1)
Pivot PointsAug 04, 2022 08:20AM GMT
Name
S3
S2
S1
Pivot Points
R1
R2
R3
Classic
1578.26
1581.63
1585.81
1589.18
1593.36
1596.73
1600.91
Fibonacci
1581.63
1584.51
1586.30
1589.18
1592.06
1593.85
1596.73
Camarilla
1587.92
1588.62
1589.31
1589.18
1590.69
1591.38
1592.08
Woodie's
1578.68
1581.84
1586.23
1589.39
1593.78
1596.94
1601.33
DeMark's
-
-
1587.50
1590.03
1595.05
-
-
Technical IndicatorsAug 04, 2022 08:20AM GMT
Name
Value
Action
RSI(14)
67.075
Buy
STOCH(9,6)
76.349
Buy
STOCHRSI(14)
42.542
Sell
MACD(12,26)
15.160
Buy
ADX(14)
38.075
Buy
Williams %R
-24.119
Buy
CCI(14)
79.3850
Buy
ATR(14)
11.7964
High Volatility
Highs/Lows(14)
11.6321
Buy
Ultimate Oscillator
63.043
Buy
ROC
2.906
Buy
Bull/Bear Power(13)
22.7241
Buy
Buy: 10
Sell: 1
Neutral: 0


Summary:Strong Buy
Moving AveragesAug 04, 2022 08:20AM GMT
Period
Simple
Exponential
MA5
1589.67
Sell
1586.57
Buy
MA10
1580.70
Buy
1579.95
Buy
MA20
1562.45
Buy
1569.85
Buy
MA50
1541.57
Buy
1547.48
Buy
MA100
1518.60
Buy
1524.91
Buy
MA200
1494.81
Buy
1504.27
Buy
Buy: 11
Sell: 1


Summary:Strong Buy","Volume: 5,338,993
Bid/Ask: 1,588.20 / 1,588.90
Day's Range: 1,574.95 - 1,603.85"
2022-08-04 08:24:00.000040,"1,588.10 +22.00    +1.40%
04:23:38 - Real-time Data. Currency in INR ( Disclaimer )
Type:  Equity
Market:  India
ISIN:  INE009A01021
S/N:  INFY","Summary:Strong Buy
Moving Averages:Strong BuyBuy (11)Sell (1)
Technical Indicators:Strong BuyBuy (10)Sell (1)
Pivot PointsAug 04, 2022 08:20AM GMT
Name
S3
S2
S1
Pivot Points
R1
R2
R3
Classic
1578.26
1581.63
1585.81
1589.18
1593.36
1596.73
1600.91
Fibonacci
1581.63
1584.51
1586.30
1589.18
1592.06
1593.85
1596.73
Camarilla
1587.92
1588.62
1589.31
1589.18
1590.69
1591.38
1592.08
Woodie's
1578.68
1581.84
1586.23
1589.39
1593.78
1596.94
1601.33
DeMark's
-
-
1587.50
1590.03
1595.05
-
-
Technical IndicatorsAug 04, 2022 08:20AM GMT
Name
Value
Action
RSI(14)
67.075
Buy
STOCH(9,6)
76.349
Buy
STOCHRSI(14)
42.542
Sell
MACD(12,26)
15.160
Buy
ADX(14)
38.075
Buy
Williams %R
-24.119
Buy
CCI(14)
79.3850
Buy
ATR(14)
11.7964
High Volatility
Highs/Lows(14)
11.6321
Buy
Ultimate Oscillator
63.043
Buy
ROC
2.906
Buy
Bull/Bear Power(13)
22.7241
Buy
Buy: 10
Sell: 1
Neutral: 0


Summary:Strong Buy
Moving AveragesAug 04, 2022 08:20AM GMT
Period
Simple
Exponential
MA5
1589.67
Sell
1586.57
Buy
MA10
1580.70
Buy
1579.95
Buy
MA20
1562.45
Buy
1569.85
Buy
MA50
1541.57
Buy
1547.48
Buy
MA100
1518.60
Buy
1524.91
Buy
MA200
1494.81
Buy
1504.27
Buy
Buy: 11
Sell: 1


Summary:Strong Buy","Volume: 5,362,356
Bid/Ask: 1,588.15 / 1,588.80
Day's Range: 1,574.95 - 1,603.85"
2022-08-04 08:26:00.000041,"1,588.90 +22.80    +1.46%
04:25:38 - Real-time Data. Currency in INR ( Disclaimer )
Type:  Equity
Market:  India
ISIN:  INE009A01021
S/N:  INFY","Summary:Strong Buy
Moving Averages:Strong BuyBuy (11)Sell (1)
Technical Indicators:Strong BuyBuy (10)Sell (1)
Pivot PointsAug 04, 2022 08:20AM GMT
Name
S3
S2
S1
Pivot Points
R1
R2
R3
Classic
1578.26
1581.63
1585.81
1589.18
1593.36
1596.73
1600.91
Fibonacci
1581.63
1584.51
1586.30
1589.18
1592.06
1593.85
1596.73
Camarilla
1587.92
1588.62
1589.31
1589.18
1590.69
1591.38
1592.08
Woodie's
1578.68
1581.84
1586.23
1589.39
1593.78
1596.94
1601.33
DeMark's
-
-
1587.50
1590.03
1595.05
-
-
Technical IndicatorsAug 04, 2022 08:20AM GMT
Name
Value
Action
RSI(14)
67.075
Buy
STOCH(9,6)
76.349
Buy
STOCHRSI(14)
42.542
Sell
MACD(12,26)
15.160
Buy
ADX(14)
38.075
Buy
Williams %R
-24.119
Buy
CCI(14)
79.3850
Buy
ATR(14)
11.7964
High Volatility
Highs/Lows(14)
11.6321
Buy
Ultimate Oscillator
63.043
Buy
ROC
2.906
Buy
Bull/Bear Power(13)
22.7241
Buy
Buy: 10
Sell: 1
Neutral: 0


Summary:Strong Buy
Moving AveragesAug 04, 2022 08:20AM GMT
Period
Simple
Exponential
MA5
1589.67
Sell
1586.57
Buy
MA10
1580.70
Buy
1579.95
Buy
MA20
1562.45
Buy
1569.85
Buy
MA50
1541.57
Buy
1547.48
Buy
MA100
1518.60
Buy
1524.91
Buy
MA200
1494.81
Buy
1504.27
Buy
Buy: 11
Sell: 1


Summary:Strong Buy","Volume: 5,383,232
Bid/Ask: 1,588.35 / 1,588.90
Day's Range: 1,574.95 - 1,603.85"
2022-08-04 08:28:00.000043,"1,587.30 +21.20    +1.35%
04:27:42 - Real-time Data. Currency in INR ( Disclaimer )
Type:  Equity
Market:  India
ISIN:  INE009A01021
S/N:  INFY","Summary:Strong Buy
Moving Averages:Strong BuyBuy (11)Sell (1)
Technical Indicators:Strong BuyBuy (10)Sell (1)
Pivot PointsAug 04, 2022 08:20AM GMT
Name
S3
S2
S1
Pivot Points
R1
R2
R3
Classic
1578.26
1581.63
1585.81
1589.18
1593.36
1596.73
1600.91
Fibonacci
1581.63
1584.51
1586.30
1589.18
1592.06
1593.85
1596.73
Camarilla
1587.92
1588.62
1589.31
1589.18
1590.69
1591.38
1592.08
Woodie's
1578.68
1581.84
1586.23
1589.39
1593.78
1596.94
1601.33
DeMark's
-
-
1587.50
1590.03
1595.05
-
-
Technical IndicatorsAug 04, 2022 08:20AM GMT
Name
Value
Action
RSI(14)
67.075
Buy
STOCH(9,6)
76.349
Buy
STOCHRSI(14)
42.542
Sell
MACD(12,26)
15.160
Buy
ADX(14)
38.075
Buy
Williams %R
-24.119
Buy
CCI(14)
79.3850
Buy
ATR(14)
11.7964
High Volatility
Highs/Lows(14)
11.6321
Buy
Ultimate Oscillator
63.043
Buy
ROC
2.906
Buy
Bull/Bear Power(13)
22.7241
Buy
Buy: 10
Sell: 1
Neutral: 0


Summary:Strong Buy
Moving AveragesAug 04, 2022 08:20AM GMT
Period
Simple
Exponential
MA5
1589.67
Sell
1586.57
Buy
MA10
1580.70
Buy
1579.95
Buy
MA20
1562.45
Buy
1569.85
Buy
MA50
1541.57
Buy
1547.48
Buy
MA100
1518.60
Buy
1524.91
Buy
MA200
1494.81
Buy
1504.27
Buy
Buy: 11
Sell: 1


Summary:Strong Buy","Volume: 5,398,907
Bid/Ask: 1,587.30 / 1,587.50
Day's Range: 1,574.95 - 1,603.85"
2022-08-04 08:30:00.000041,"1,586.35 +20.25    +1.29%
04:29:37 - Real-time Data. Currency in INR ( Disclaimer )
Type:  Equity
Market:  India
ISIN:  INE009A01021
S/N:  INFY","Summary:Strong Buy
Moving Averages:Strong BuyBuy (11)Sell (1)
Technical Indicators:Strong BuyBuy (10)Sell (1)
Pivot PointsAug 04, 2022 08:20AM GMT
Name
S3
S2
S1
Pivot Points
R1
R2
R3
Classic
1578.26
1581.63
1585.81
1589.18
1593.36
1596.73
1600.91
Fibonacci
1581.63
1584.51
1586.30
1589.18
1592.06
1593.85
1596.73
Camarilla
1587.92
1588.62
1589.31
1589.18
1590.69
1591.38
1592.08
Woodie's
1578.68
1581.84
1586.23
1589.39
1593.78
1596.94
1601.33
DeMark's
-
-
1587.50
1590.03
1595.05
-
-
Technical IndicatorsAug 04, 2022 08:20AM GMT
Name
Value
Action
RSI(14)
67.075
Buy
STOCH(9,6)
76.349
Buy
STOCHRSI(14)
42.542
Sell
MACD(12,26)
15.160
Buy
ADX(14)
38.075
Buy
Williams %R
-24.119
Buy
CCI(14)
79.3850
Buy
ATR(14)
11.7964
High Volatility
Highs/Lows(14)
11.6321
Buy
Ultimate Oscillator
63.043
Buy
ROC
2.906
Buy
Bull/Bear Power(13)
22.7241
Buy
Buy: 10
Sell: 1
Neutral: 0


Summary:Strong Buy
Moving AveragesAug 04, 2022 08:20AM GMT
Period
Simple
Exponential
MA5
1589.67
Sell
1586.57
Buy
MA10
1580.70
Buy
1579.95
Buy
MA20
1562.45
Buy
1569.85
Buy
MA50
1541.57
Buy
1547.48
Buy
MA100
1518.60
Buy
1524.91
Buy
MA200
1494.81
Buy
1504.27
Buy
Buy: 11
Sell: 1


Summary:Strong Buy","Volume: 5,421,297
Bid/Ask: 1,586.35 / 1,586.50
Day's Range: 1,574.95 - 1,603.85"
2022-08-04 08:32:00.000041,"1,584.25 +18.15    +1.16%
04:31:38 - Real-time Data. Currency in INR ( Disclaimer )
Type:  Equity
Market:  India
ISIN:  INE009A01021
S/N:  INFY","Summary:Strong Buy
Moving Averages:Strong BuyBuy (11)Sell (1)
Technical Indicators:Strong BuyBuy (10)Sell (1)
Pivot PointsAug 04, 2022 08:30AM GMT
Name
S3
S2
S1
Pivot Points
R1
R2
R3
Classic
1578.26
1581.63
1585.81
1589.18
1593.36
1596.73
1600.91
Fibonacci
1581.63
1584.51
1586.30
1589.18
1592.06
1593.85
1596.73
Camarilla
1587.92
1588.62
1589.31
1589.18
1590.69
1591.38
1592.08
Woodie's
1578.68
1581.84
1586.23
1589.39
1593.78
1596.94
1601.33
DeMark's
-
-
1587.50
1590.03
1595.05
-
-
Technical IndicatorsAug 04, 2022 08:30AM GMT
Name
Value
Action
RSI(14)
65.725
Buy
STOCH(9,6)
75.729
Buy
STOCHRSI(14)
35.373
Sell
MACD(12,26)
15.020
Buy
ADX(14)
38.075
Buy
Williams %R
-26.781
Buy
CCI(14)
77.1898
Buy
ATR(14)
11.7964
High Volatility
Highs/Lows(14)
9.9321
Buy
Ultimate Oscillator
61.604
Buy
ROC
2.795
Buy
Bull/Bear Power(13)
23.2101
Buy
Buy: 10
Sell: 1
Neutral: 0


Summary:Strong Buy
Moving AveragesAug 04, 2022 08:30AM GMT
Period
Simple
Exponential
MA5
1589.33
Sell
1586.01
Buy
MA10
1580.53
Buy
1579.64
Buy
MA20
1562.36
Buy
1569.68
Buy
MA50
1541.53
Buy
1547.41
Buy
MA100
1518.59
Buy
1524.87
Buy
MA200
1494.80
Buy
1504.25
Buy
Buy: 11
Sell: 1


Summary:Strong Buy","Volume: 5,460,685
Bid/Ask: 1,584.25 / 1,584.50
Day's Range: 1,574.95 - 1,603.85"
2022-08-04 08:34:00.000043,"1,586.50 +20.40    +1.30%
04:33:37 - Real-time Data. Currency in INR ( Disclaimer )
Type:  Equity
Market:  India
ISIN:  INE009A01021
S/N:  INFY","Summary:Strong Buy
Moving Averages:Strong BuyBuy (11)Sell (1)
Technical Indicators:Strong BuyBuy (10)Sell (1)
Pivot PointsAug 04, 2022 08:30AM GMT
Name
S3
S2
S1
Pivot Points
R1
R2
R3
Classic
1578.26
1581.63
1585.81
1589.18
1593.36
1596.73
1600.91
Fibonacci
1581.63
1584.51
1586.30
1589.18
1592.06
1593.85
1596.73
Camarilla
1587.92
1588.62
1589.31
1589.18
1590.69
1591.38
1592.08
Woodie's
1578.68
1581.84
1586.23
1589.39
1593.78
1596.94
1601.33
DeMark's
-
-
1587.50
1590.03
1595.05
-
-
Technical IndicatorsAug 04, 2022 08:30AM GMT
Name
Value
Action
RSI(14)
65.725
Buy
STOCH(9,6)
75.729
Buy
STOCHRSI(14)
35.373
Sell
MACD(12,26)
15.020
Buy
ADX(14)
38.075
Buy
Williams %R
-26.781
Buy
CCI(14)
77.1898
Buy
ATR(14)
11.7964
High Volatility
Highs/Lows(14)
9.9321
Buy
Ultimate Oscillator
61.604
Buy
ROC
2.795
Buy
Bull/Bear Power(13)
23.2101
Buy
Buy: 10
Sell: 1
Neutral: 0


Summary:Strong Buy
Moving AveragesAug 04, 2022 08:30AM GMT
Period
Simple
Exponential
MA5
1589.33
Sell
1586.01
Buy
MA10
1580.53
Buy
1579.64
Buy
MA20
1562.36
Buy
1569.68
Buy
MA50
1541.53
Buy
1547.41
Buy
MA100
1518.59
Buy
1524.87
Buy
MA200
1494.80
Buy
1504.25
Buy
Buy: 11
Sell: 1


Summary:Strong Buy","Volume: 5,478,440
Bid/Ask: 1,586.40 / 1,586.50
Day's Range: 1,574.95 - 1,603.85"
2022-08-04 08:36:00.000044,"1,586.25 +20.15    +1.29%
04:35:32 - Real-time Data. Currency in INR ( Disclaimer )
Type:  Equity
Market:  India
ISIN:  INE009A01021
S/N:  INFY","Summary:Strong Buy
Moving Averages:Strong BuyBuy (11)Sell (1)
Technical Indicators:Strong BuyBuy (10)Sell (1)
Pivot PointsAug 04, 2022 08:30AM GMT
Name
S3
S2
S1
Pivot Points
R1
R2
R3
Classic
1578.26
1581.63
1585.81
1589.18
1593.36
1596.73
1600.91
Fibonacci
1581.63
1584.51
1586.30
1589.18
1592.06
1593.85
1596.73
Camarilla
1587.92
1588.62
1589.31
1589.18
1590.69
1591.38
1592.08
Woodie's
1578.68
1581.84
1586.23
1589.39
1593.78
1596.94
1601.33
DeMark's
-
-
1587.50
1590.03
1595.05
-
-
Technical IndicatorsAug 04, 2022 08:30AM GMT
Name
Value
Action
RSI(14)
65.725
Buy
STOCH(9,6)
75.729
Buy
STOCHRSI(14)
35.373
Sell
MACD(12,26)
15.020
Buy
ADX(14)
38.075
Buy
Williams %R
-26.781
Buy
CCI(14)
77.1898
Buy
ATR(14)
11.7964
High Volatility
Highs/Lows(14)
9.9321
Buy
Ultimate Oscillator
61.604
Buy
ROC
2.795
Buy
Bull/Bear Power(13)
23.2101
Buy
Buy: 10
Sell: 1
Neutral: 0


Summary:Strong Buy
Moving AveragesAug 04, 2022 08:30AM GMT
Period
Simple
Exponential
MA5
1589.33
Sell
1586.01
Buy
MA10
1580.53
Buy
1579.64
Buy
MA20
1562.36
Buy
1569.68
Buy
MA50
1541.53
Buy
1547.41
Buy
MA100
1518.59
Buy
1524.87
Buy
MA200
1494.80
Buy
1504.25
Buy
Buy: 11
Sell: 1


Summary:Strong Buy","Volume: 5,499,225
Bid/Ask: 1,585.75 / 1,586.25
Day's Range: 1,574.95 - 1,603.85"
2022-08-04 08:38:00.000043,"1,586.25 +20.15    +1.29%
04:37:32 - Real-time Data. Currency in INR ( Disclaimer )
Type:  Equity
Market:  India
ISIN:  INE009A01021
S/N:  INFY","Summary:Strong Buy
Moving Averages:Strong BuyBuy (11)Sell (1)
Technical Indicators:Strong BuyBuy (10)Sell (1)
Pivot PointsAug 04, 2022 08:30AM GMT
Name
S3
S2
S1
Pivot Points
R1
R2
R3
Classic
1578.26
1581.63
1585.81
1589.18
1593.36
1596.73
1600.91
Fibonacci
1581.63
1584.51
1586.30
1589.18
1592.06
1593.85
1596.73
Camarilla
1587.92
1588.62
1589.31
1589.18
1590.69
1591.38
1592.08
Woodie's
1578.68
1581.84
1586.23
1589.39
1593.78
1596.94
1601.33
DeMark's
-
-
1587.50
1590.03
1595.05
-
-
Technical IndicatorsAug 04, 2022 08:30AM GMT
Name
Value
Action
RSI(14)
65.725
Buy
STOCH(9,6)
75.729
Buy
STOCHRSI(14)
35.373
Sell
MACD(12,26)
15.020
Buy
ADX(14)
38.075
Buy
Williams %R
-26.781
Buy
CCI(14)
77.1898
Buy
ATR(14)
11.7964
High Volatility
Highs/Lows(14)
9.9321
Buy
Ultimate Oscillator
61.604
Buy
ROC
2.795
Buy
Bull/Bear Power(13)
23.2101
Buy
Buy: 10
Sell: 1
Neutral: 0


Summary:Strong Buy
Moving AveragesAug 04, 2022 08:30AM GMT
Period
Simple
Exponential
MA5
1589.33
Sell
1586.01
Buy
MA10
1580.53
Buy
1579.64
Buy
MA20
1562.36
Buy
1569.68
Buy
MA50
1541.53
Buy
1547.41
Buy
MA100
1518.59
Buy
1524.87
Buy
MA200
1494.80
Buy
1504.25
Buy
Buy: 11
Sell: 1


Summary:Strong Buy","Volume: 5,512,179
Bid/Ask: 1,586.30 / 1,586.40
Day's Range: 1,574.95 - 1,603.85"
2022-08-04 08:40:00.000041,"1,585.25 +19.15    +1.22%
04:39:38 - Real-time Data. Currency in INR ( Disclaimer )
Type:  Equity
Market:  India
ISIN:  INE009A01021
S/N:  INFY","Summary:Strong Buy
Moving Averages:Strong BuyBuy (11)Sell (1)
Technical Indicators:Strong BuyBuy (10)Sell (1)
Pivot PointsAug 04, 2022 08:30AM GMT
Name
S3
S2
S1
Pivot Points
R1
R2
R3
Classic
1578.26
1581.63
1585.81
1589.18
1593.36
1596.73
1600.91
Fibonacci
1581.63
1584.51
1586.30
1589.18
1592.06
1593.85
1596.73
Camarilla
1587.92
1588.62
1589.31
1589.18
1590.69
1591.38
1592.08
Woodie's
1578.68
1581.84
1586.23
1589.39
1593.78
1596.94
1601.33
DeMark's
-
-
1587.50
1590.03
1595.05
-
-
Technical IndicatorsAug 04, 2022 08:30AM GMT
Name
Value
Action
RSI(14)
65.725
Buy
STOCH(9,6)
75.729
Buy
STOCHRSI(14)
35.373
Sell
MACD(12,26)
15.020
Buy
ADX(14)
38.075
Buy
Williams %R
-26.781
Buy
CCI(14)
77.1898
Buy
ATR(14)
11.7964
High Volatility
Highs/Lows(14)
9.9321
Buy
Ultimate Oscillator
61.604
Buy
ROC
2.795
Buy
Bull/Bear Power(13)
23.2101
Buy
Buy: 10
Sell: 1
Neutral: 0


Summary:Strong Buy
Moving AveragesAug 04, 2022 08:30AM GMT
Period
Simple
Exponential
MA5
1589.33
Sell
1586.01
Buy
MA10
1580.53
Buy
1579.64
Buy
MA20
1562.36
Buy
1569.68
Buy
MA50
1541.53
Buy
1547.41
Buy
MA100
1518.59
Buy
1524.87
Buy
MA200
1494.80
Buy
1504.25
Buy
Buy: 11
Sell: 1


Summary:Strong Buy","Volume: 5,534,338
Bid/Ask: 1,585.25 / 1,585.50
Day's Range: 1,574.95 - 1,603.85"
2022-08-04 08:42:00.000043,"1,585.25 +19.15    +1.22%
04:41:32 - Real-time Data. Currency in INR ( Disclaimer )
Type:  Equity
Market:  India
ISIN:  INE009A01021
S/N:  INFY","Summary:Strong Buy
Moving Averages:Strong BuyBuy (10)Sell (2)
Technical Indicators:Strong BuyBuy (10)Sell (1)
Pivot PointsAug 04, 2022 08:40AM GMT
Name
S3
S2
S1
Pivot Points
R1
R2
R3
Classic
1578.26
1581.63
1585.81
1589.18
1593.36
1596.73
1600.91
Fibonacci
1581.63
1584.51
1586.30
1589.18
1592.06
1593.85
1596.73
Camarilla
1587.92
1588.62
1589.31
1589.18
1590.69
1591.38
1592.08
Woodie's
1578.68
1581.84
1586.23
1589.39
1593.78
1596.94
1601.33
DeMark's
-
-
1587.50
1590.03
1595.05
-
-
Technical IndicatorsAug 04, 2022 08:40AM GMT
Name
Value
Action
RSI(14)
64.766
Buy
STOCH(9,6)
75.273
Buy
STOCHRSI(14)
30.280
Sell
MACD(12,26)
14.920
Buy
ADX(14)
37.252
Buy
Williams %R
-28.739
Buy
CCI(14)
74.3971
Buy
ATR(14)
11.8607
High Volatility
Highs/Lows(14)
8.6821
Buy
Ultimate Oscillator
60.850
Buy
ROC
2.714
Buy
Bull/Bear Power(13)
22.6660
Buy
Buy: 10
Sell: 1
Neutral: 0


Summary:Strong Buy
Moving AveragesAug 04, 2022 08:40AM GMT
Period
Simple
Exponential
MA5
1589.08
Sell
1585.59
Sell
MA10
1580.41
Buy
1579.42
Buy
MA20
1562.30
Buy
1569.57
Buy
MA50
1541.51
Buy
1547.36
Buy
MA100
1518.57
Buy
1524.85
Buy
MA200
1494.80
Buy
1504.24
Buy
Buy: 10
Sell: 2


Summary:Strong Buy","Volume: 5,546,876
Bid/Ask: 1,585.20 / 1,585.25
Day's Range: 1,574.95 - 1,603.85"
2022-08-04 08:44:00.000039,"1,585.35 +19.25    +1.23%
04:43:32 - Real-time Data. Currency in INR ( Disclaimer )
Type:  Equity
Market:  India
ISIN:  INE009A01021
S/N:  INFY","Summary:Strong Buy
Moving Averages:Strong BuyBuy (10)Sell (2)
Technical Indicators:Strong BuyBuy (10)Sell (1)
Pivot PointsAug 04, 2022 08:40AM GMT
Name
S3
S2
S1
Pivot Points
R1
R2
R3
Classic
1578.26
1581.63
1585.81
1589.18
1593.36
1596.73
1600.91
Fibonacci
1581.63
1584.51
1586.30
1589.18
1592.06
1593.85
1596.73
Camarilla
1587.92
1588.62
1589.31
1589.18
1590.69
1591.38
1592.08
Woodie's
1578.68
1581.84
1586.23
1589.39
1593.78
1596.94
1601.33
DeMark's
-
-
1587.50
1590.03
1595.05
-
-
Technical IndicatorsAug 04, 2022 08:40AM GMT
Name
Value
Action
RSI(14)
64.766
Buy
STOCH(9,6)
75.273
Buy
STOCHRSI(14)
30.280
Sell
MACD(12,26)
14.920
Buy
ADX(14)
37.252
Buy
Williams %R
-28.739
Buy
CCI(14)
74.3971
Buy
ATR(14)
11.8607
High Volatility
Highs/Lows(14)
8.6821
Buy
Ultimate Oscillator
60.850
Buy
ROC
2.714
Buy
Bull/Bear Power(13)
22.6660
Buy
Buy: 10
Sell: 1
Neutral: 0


Summary:Strong Buy
Moving AveragesAug 04, 2022 08:40AM GMT
Period
Simple
Exponential
MA5
1589.08
Sell
1585.59
Sell
MA10
1580.41
Buy
1579.42
Buy
MA20
1562.30
Buy
1569.57
Buy
MA50
1541.51
Buy
1547.36
Buy
MA100
1518.57
Buy
1524.85
Buy
MA200
1494.80
Buy
1504.24
Buy
Buy: 10
Sell: 2


Summary:Strong Buy","Volume: 5,564,555
Bid/Ask: 1,585.15 / 1,585.35
Day's Range: 1,574.95 - 1,603.85"
2022-08-04 08:46:00.000042,"1,586.40 +20.30    +1.30%
04:45:37 - Real-time Data. Currency in INR ( Disclaimer )
Type:  Equity
Market:  India
ISIN:  INE009A01021
S/N:  INFY","Summary:Strong Buy
Moving Averages:Strong BuyBuy (10)Sell (2)
Technical Indicators:Strong BuyBuy (10)Sell (1)
Pivot PointsAug 04, 2022 08:40AM GMT
Name
S3
S2
S1
Pivot Points
R1
R2
R3
Classic
1578.26
1581.63
1585.81
1589.18
1593.36
1596.73
1600.91
Fibonacci
1581.63
1584.51
1586.30
1589.18
1592.06
1593.85
1596.73
Camarilla
1587.92
1588.62
1589.31
1589.18
1590.69
1591.38
1592.08
Woodie's
1578.68
1581.84
1586.23
1589.39
1593.78
1596.94
1601.33
DeMark's
-
-
1587.50
1590.03
1595.05
-
-
Technical IndicatorsAug 04, 2022 08:40AM GMT
Name
Value
Action
RSI(14)
64.766
Buy
STOCH(9,6)
75.273
Buy
STOCHRSI(14)
30.280
Sell
MACD(12,26)
14.920
Buy
ADX(14)
37.252
Buy
Williams %R
-28.739
Buy
CCI(14)
74.3971
Buy
ATR(14)
11.8607
High Volatility
Highs/Lows(14)
8.6821
Buy
Ultimate Oscillator
60.850
Buy
ROC
2.714
Buy
Bull/Bear Power(13)
22.6660
Buy
Buy: 10
Sell: 1
Neutral: 0


Summary:Strong Buy
Moving AveragesAug 04, 2022 08:40AM GMT
Period
Simple
Exponential
MA5
1589.08
Sell
1585.59
Sell
MA10
1580.41
Buy
1579.42
Buy
MA20
1562.30
Buy
1569.57
Buy
MA50
1541.51
Buy
1547.36
Buy
MA100
1518.57
Buy
1524.85
Buy
MA200
1494.80
Buy
1504.24
Buy
Buy: 10
Sell: 2


Summary:Strong Buy","Volume: 5,581,458
Bid/Ask: 1,586.40 / 1,586.55
Day's Range: 1,574.95 - 1,603.85"
2022-08-04 08:48:00.000042,"1,586.30 +20.20    +1.29%
04:47:38 - Real-time Data. Currency in INR ( Disclaimer )
Type:  Equity
Market:  India
ISIN:  INE009A01021
S/N:  INFY","Summary:Strong Buy
Moving Averages:Strong BuyBuy (10)Sell (2)
Technical Indicators:Strong BuyBuy (10)Sell (1)
Pivot PointsAug 04, 2022 08:40AM GMT
Name
S3
S2
S1
Pivot Points
R1
R2
R3
Classic
1578.26
1581.63
1585.81
1589.18
1593.36
1596.73
1600.91
Fibonacci
1581.63
1584.51
1586.30
1589.18
1592.06
1593.85
1596.73
Camarilla
1587.92
1588.62
1589.31
1589.18
1590.69
1591.38
1592.08
Woodie's
1578.68
1581.84
1586.23
1589.39
1593.78
1596.94
1601.33
DeMark's
-
-
1587.50
1590.03
1595.05
-
-
Technical IndicatorsAug 04, 2022 08:40AM GMT
Name
Value
Action
RSI(14)
64.766
Buy
STOCH(9,6)
75.273
Buy
STOCHRSI(14)
30.280
Sell
MACD(12,26)
14.920
Buy
ADX(14)
37.252
Buy
Williams %R
-28.739
Buy
CCI(14)
74.3971
Buy
ATR(14)
11.8607
High Volatility
Highs/Lows(14)
8.6821
Buy
Ultimate Oscillator
60.850
Buy
ROC
2.714
Buy
Bull/Bear Power(13)
22.6660
Buy
Buy: 10
Sell: 1
Neutral: 0


Summary:Strong Buy
Moving AveragesAug 04, 2022 08:40AM GMT
Period
Simple
Exponential
MA5
1589.08
Sell
1585.59
Sell
MA10
1580.41
Buy
1579.42
Buy
MA20
1562.30
Buy
1569.57
Buy
MA50
1541.51
Buy
1547.36
Buy
MA100
1518.57
Buy
1524.85
Buy
MA200
1494.80
Buy
1504.24
Buy
Buy: 10
Sell: 2


Summary:Strong Buy","Volume: 5,597,152
Bid/Ask: 1,586.00 / 1,586.30
Day's Range: 1,574.95 - 1,603.85"
2022-08-04 08:50:00.000044,"1,586.75 +20.65    +1.32%
04:49:33 - Real-time Data. Currency in INR ( Disclaimer )
Type:  Equity
Market:  India
ISIN:  INE009A01021
S/N:  INFY","Summary:Strong Buy
Moving Averages:Strong BuyBuy (10)Sell (2)
Technical Indicators:Strong BuyBuy (10)Sell (1)
Pivot PointsAug 04, 2022 08:40AM GMT
Name
S3
S2
S1
Pivot Points
R1
R2
R3
Classic
1578.26
1581.63
1585.81
1589.18
1593.36
1596.73
1600.91
Fibonacci
1581.63
1584.51
1586.30
1589.18
1592.06
1593.85
1596.73
Camarilla
1587.92
1588.62
1589.31
1589.18
1590.69
1591.38
1592.08
Woodie's
1578.68
1581.84
1586.23
1589.39
1593.78
1596.94
1601.33
DeMark's
-
-
1587.50
1590.03
1595.05
-
-
Technical IndicatorsAug 04, 2022 08:40AM GMT
Name
Value
Action
RSI(14)
64.766
Buy
STOCH(9,6)
75.273
Buy
STOCHRSI(14)
30.280
Sell
MACD(12,26)
14.920
Buy
ADX(14)
37.252
Buy
Williams %R
-28.739
Buy
CCI(14)
74.3971
Buy
ATR(14)
11.8607
High Volatility
Highs/Lows(14)
8.6821
Buy
Ultimate Oscillator
60.850
Buy
ROC
2.714
Buy
Bull/Bear Power(13)
22.6660
Buy
Buy: 10
Sell: 1
Neutral: 0


Summary:Strong Buy
Moving AveragesAug 04, 2022 08:40AM GMT
Period
Simple
Exponential
MA5
1589.08
Sell
1585.59
Sell
MA10
1580.41
Buy
1579.42
Buy
MA20
1562.30
Buy
1569.57
Buy
MA50
1541.51
Buy
1547.36
Buy
MA100
1518.57
Buy
1524.85
Buy
MA200
1494.80
Buy
1504.24
Buy
Buy: 10
Sell: 2


Summary:Strong Buy","Volume: 5,608,928
Bid/Ask: 1,586.70 / 1,586.75
Day's Range: 1,574.95 - 1,603.85"
2022-08-04 08:52:00.000041,"1,585.90 +19.80    +1.26%
04:51:32 - Real-time Data. Currency in INR ( Disclaimer )
Type:  Equity
Market:  India
ISIN:  INE009A01021
S/N:  INFY","Summary:Strong Buy
Moving Averages:Strong BuyBuy (11)Sell (1)
Technical Indicators:Strong BuyBuy (10)Sell (1)
Pivot PointsAug 04, 2022 08:50AM GMT
Name
S3
S2
S1
Pivot Points
R1
R2
R3
Classic
1578.26
1581.63
1585.81
1589.18
1593.36
1596.73
1600.91
Fibonacci
1581.63
1584.51
1586.30
1589.18
1592.06
1593.85
1596.73
Camarilla
1587.92
1588.62
1589.31
1589.18
1590.69
1591.38
1592.08
Woodie's
1578.68
1581.84
1586.23
1589.39
1593.78
1596.94
1601.33
DeMark's
-
-
1587.50
1590.03
1595.05
-
-
Technical IndicatorsAug 04, 2022 08:50AM GMT
Name
Value
Action
RSI(14)
65.959
Buy
STOCH(9,6)
75.838
Buy
STOCHRSI(14)
36.615
Sell
MACD(12,26)
15.040
Buy
ADX(14)
37.252
Buy
Williams %R
-26.312
Buy
CCI(14)
76.4123
Buy
ATR(14)
11.8607
High Volatility
Highs/Lows(14)
10.2322
Buy
Ultimate Oscillator
62.151
Buy
ROC
2.815
Buy
Bull/Bear Power(13)
22.2240
Buy
Buy: 10
Sell: 1
Neutral: 0


Summary:Strong Buy
Moving AveragesAug 04, 2022 08:50AM GMT
Period
Simple
Exponential
MA5
1589.39
Sell
1586.11
Buy
MA10
1580.57
Buy
1579.70
Buy
MA20
1562.38
Buy
1569.71
Buy
MA50
1541.54
Buy
1547.42
Buy
MA100
1518.59
Buy
1524.88
Buy
MA200
1494.81
Buy
1504.25
Buy
Buy: 11
Sell: 1


Summary:Strong Buy","Volume: 5,632,054
Bid/Ask: 1,585.80 / 1,585.85
Day's Range: 1,574.95 - 1,603.85"
2022-08-04 08:54:00.000043,"1,584.50 +18.40    +1.17%
04:53:38 - Real-time Data. Currency in INR ( Disclaimer )
Type:  Equity
Market:  India
ISIN:  INE009A01021
S/N:  INFY","Summary:Strong Buy
Moving Averages:Strong BuyBuy (11)Sell (1)
Technical Indicators:Strong BuyBuy (10)Sell (1)
Pivot PointsAug 04, 2022 08:50AM GMT
Name
S3
S2
S1
Pivot Points
R1
R2
R3
Classic
1578.26
1581.63
1585.81
1589.18
1593.36
1596.73
1600.91
Fibonacci
1581.63
1584.51
1586.30
1589.18
1592.06
1593.85
1596.73
Camarilla
1587.92
1588.62
1589.31
1589.18
1590.69
1591.38
1592.08
Woodie's
1578.68
1581.84
1586.23
1589.39
1593.78
1596.94
1601.33
DeMark's
-
-
1587.50
1590.03
1595.05
-
-
Technical IndicatorsAug 04, 2022 08:50AM GMT
Name
Value
Action
RSI(14)
65.959
Buy
STOCH(9,6)
75.838
Buy
STOCHRSI(14)
36.615
Sell
MACD(12,26)
15.040
Buy
ADX(14)
37.252
Buy
Williams %R
-26.312
Buy
CCI(14)
76.4123
Buy
ATR(14)
11.8607
High Volatility
Highs/Lows(14)
10.2322
Buy
Ultimate Oscillator
62.151
Buy
ROC
2.815
Buy
Bull/Bear Power(13)
22.2240
Buy
Buy: 10
Sell: 1
Neutral: 0


Summary:Strong Buy
Moving AveragesAug 04, 2022 08:50AM GMT
Period
Simple
Exponential
MA5
1589.39
Sell
1586.11
Buy
MA10
1580.57
Buy
1579.70
Buy
MA20
1562.38
Buy
1569.71
Buy
MA50
1541.54
Buy
1547.42
Buy
MA100
1518.59
Buy
1524.88
Buy
MA200
1494.81
Buy
1504.25
Buy
Buy: 11
Sell: 1


Summary:Strong Buy","Volume: 5,660,490
Bid/Ask: 1,584.50 / 1,584.90
Day's Range: 1,574.95 - 1,603.85"
2022-08-04 08:56:00.000040,"1,585.45 +19.35    +1.24%
04:55:33 - Real-time Data. Currency in INR ( Disclaimer )
Type:  Equity
Market:  India
ISIN:  INE009A01021
S/N:  INFY","Summary:Strong Buy
Moving Averages:Strong BuyBuy (11)Sell (1)
Technical Indicators:Strong BuyBuy (10)Sell (1)
Pivot PointsAug 04, 2022 08:50AM GMT
Name
S3
S2
S1
Pivot Points
R1
R2
R3
Classic
1578.26
1581.63
1585.81
1589.18
1593.36
1596.73
1600.91
Fibonacci
1581.63
1584.51
1586.30
1589.18
1592.06
1593.85
1596.73
Camarilla
1587.92
1588.62
1589.31
1589.18
1590.69
1591.38
1592.08
Woodie's
1578.68
1581.84
1586.23
1589.39
1593.78
1596.94
1601.33
DeMark's
-
-
1587.50
1590.03
1595.05
-
-
Technical IndicatorsAug 04, 2022 08:50AM GMT
Name
Value
Action
RSI(14)
65.959
Buy
STOCH(9,6)
75.838
Buy
STOCHRSI(14)
36.615
Sell
MACD(12,26)
15.040
Buy
ADX(14)
37.252
Buy
Williams %R
-26.312
Buy
CCI(14)
76.4123
Buy
ATR(14)
11.8607
High Volatility
Highs/Lows(14)
10.2322
Buy
Ultimate Oscillator
62.151
Buy
ROC
2.815
Buy
Bull/Bear Power(13)
22.2240
Buy
Buy: 10
Sell: 1
Neutral: 0


Summary:Strong Buy
Moving AveragesAug 04, 2022 08:50AM GMT
Period
Simple
Exponential
MA5
1589.39
Sell
1586.11
Buy
MA10
1580.57
Buy
1579.70
Buy
MA20
1562.38
Buy
1569.71
Buy
MA50
1541.54
Buy
1547.42
Buy
MA100
1518.59
Buy
1524.88
Buy
MA200
1494.81
Buy
1504.25
Buy
Buy: 11
Sell: 1


Summary:Strong Buy","Volume: 5,680,776
Bid/Ask: 1,585.30 / 1,585.45
Day's Range: 1,574.95 - 1,603.85"
2022-08-04 08:58:00.000040,"1,585.80 +19.70    +1.26%
04:57:28 - Real-time Data. Currency in INR ( Disclaimer )
Type:  Equity
Market:  India
ISIN:  INE009A01021
S/N:  INFY","Summary:Strong Buy
Moving Averages:Strong BuyBuy (11)Sell (1)
Technical Indicators:Strong BuyBuy (10)Sell (1)
Pivot PointsAug 04, 2022 08:50AM GMT
Name
S3
S2
S1
Pivot Points
R1
R2
R3
Classic
1578.26
1581.63
1585.81
1589.18
1593.36
1596.73
1600.91
Fibonacci
1581.63
1584.51
1586.30
1589.18
1592.06
1593.85
1596.73
Camarilla
1587.92
1588.62
1589.31
1589.18
1590.69
1591.38
1592.08
Woodie's
1578.68
1581.84
1586.23
1589.39
1593.78
1596.94
1601.33
DeMark's
-
-
1587.50
1590.03
1595.05
-
-
Technical IndicatorsAug 04, 2022 08:50AM GMT
Name
Value
Action
RSI(14)
65.959
Buy
STOCH(9,6)
75.838
Buy
STOCHRSI(14)
36.615
Sell
MACD(12,26)
15.040
Buy
ADX(14)
37.252
Buy
Williams %R
-26.312
Buy
CCI(14)
76.4123
Buy
ATR(14)
11.8607
High Volatility
Highs/Lows(14)
10.2322
Buy
Ultimate Oscillator
62.151
Buy
ROC
2.815
Buy
Bull/Bear Power(13)
22.2240
Buy
Buy: 10
Sell: 1
Neutral: 0


Summary:Strong Buy
Moving AveragesAug 04, 2022 08:50AM GMT
Period
Simple
Exponential
MA5
1589.39
Sell
1586.11
Buy
MA10
1580.57
Buy
1579.70
Buy
MA20
1562.38
Buy
1569.71
Buy
MA50
1541.54
Buy
1547.42
Buy
MA100
1518.59
Buy
1524.88
Buy
MA200
1494.81
Buy
1504.25
Buy
Buy: 11
Sell: 1


Summary:Strong Buy","Volume: 5,694,086
Bid/Ask: 1,585.75 / 1,585.80
Day's Range: 1,574.95 - 1,603.85"
2022-08-04 09:00:00.000039,"1,587.35 +21.25    +1.36%
04:59:38 - Real-time Data. Currency in INR ( Disclaimer )
Type:  Equity
Market:  India
ISIN:  INE009A01021
S/N:  INFY","Summary:Strong Buy
Moving Averages:Strong BuyBuy (11)Sell (1)
Technical Indicators:Strong BuyBuy (10)Sell (1)
Pivot PointsAug 04, 2022 08:50AM GMT
Name
S3
S2
S1
Pivot Points
R1
R2
R3
Classic
1578.26
1581.63
1585.81
1589.18
1593.36
1596.73
1600.91
Fibonacci
1581.63
1584.51
1586.30
1589.18
1592.06
1593.85
1596.73
Camarilla
1587.92
1588.62
1589.31
1589.18
1590.69
1591.38
1592.08
Woodie's
1578.68
1581.84
1586.23
1589.39
1593.78
1596.94
1601.33
DeMark's
-
-
1587.50
1590.03
1595.05
-
-
Technical IndicatorsAug 04, 2022 08:50AM GMT
Name
Value
Action
RSI(14)
65.959
Buy
STOCH(9,6)
75.838
Buy
STOCHRSI(14)
36.615
Sell
MACD(12,26)
15.040
Buy
ADX(14)
37.252
Buy
Williams %R
-26.312
Buy
CCI(14)
76.4123
Buy
ATR(14)
11.8607
High Volatility
Highs/Lows(14)
10.2322
Buy
Ultimate Oscillator
62.151
Buy
ROC
2.815
Buy
Bull/Bear Power(13)
22.2240
Buy
Buy: 10
Sell: 1
Neutral: 0


Summary:Strong Buy
Moving AveragesAug 04, 2022 08:50AM GMT
Period
Simple
Exponential
MA5
1589.39
Sell
1586.11
Buy
MA10
1580.57
Buy
1579.70
Buy
MA20
1562.38
Buy
1569.71
Buy
MA50
1541.54
Buy
1547.42
Buy
MA100
1518.59
Buy
1524.88
Buy
MA200
1494.81
Buy
1504.25
Buy
Buy: 11
Sell: 1


Summary:Strong Buy","Volume: 5,710,790
Bid/Ask: 1,587.20 / 1,587.30
Day's Range: 1,574.95 - 1,603.85"
2022-08-04 09:02:00.000041,"1,589.10 +23.00    +1.47%
05:01:27 - Real-time Data. Currency in INR ( Disclaimer )
Type:  Equity
Market:  India
ISIN:  INE009A01021
S/N:  INFY","Summary:Strong Buy
Moving Averages:Strong BuyBuy (11)Sell (1)
Technical Indicators:Strong BuyBuy (9)Sell (1)
Pivot PointsAug 04, 2022 09:00AM GMT
Name
S3
S2
S1
Pivot Points
R1
R2
R3
Classic
1577.99
1581.07
1584.14
1587.22
1590.29
1593.37
1596.44
Fibonacci
1581.07
1583.42
1584.87
1587.22
1589.57
1591.02
1593.37
Camarilla
1585.51
1586.07
1586.64
1587.22
1587.76
1588.33
1588.89
Woodie's
1577.97
1581.06
1584.12
1587.21
1590.27
1593.36
1596.42
DeMark's
-
-
1582.60
1586.45
1588.75
-
-
Technical IndicatorsAug 04, 2022 09:00AM GMT
Name
Value
Action
RSI(14)
66.207
Buy
STOCH(9,6)
70.677
Buy
STOCHRSI(14)
37.932
Sell
MACD(12,26)
14.340
Buy
ADX(14)
33.841
Neutral
Williams %R
-28.989
Buy
CCI(14)
63.5501
Buy
ATR(14)
10.4821
High Volatility
Highs/Lows(14)
8.6964
Buy
Ultimate Oscillator
62.670
Buy
ROC
1.782
Buy
Bull/Bear Power(13)
19.5280
Buy
Buy: 9
Sell: 1
Neutral: 1


Summary:Strong Buy
Moving AveragesAug 04, 2022 09:00AM GMT
Period
Simple
Exponential
MA5
1587.86
Sell
1587.01
Buy
MA10
1583.33
Buy
1581.14
Buy
MA20
1565.16
Buy
1571.70
Buy
MA50
1543.94
Buy
1549.12
Buy
MA100
1519.71
Buy
1526.13
Buy
MA200
1495.40
Buy
1505.12
Buy
Buy: 11
Sell: 1


Summary:Strong Buy","Volume: 5,727,739
Bid/Ask: 1,589.00 / 1,589.10
Day's Range: 1,574.95 - 1,603.85"
2022-08-04 09:04:00.000040,"1,590.75 +24.65    +1.57%
05:03:37 - Real-time Data. Currency in INR ( Disclaimer )
Type:  Equity
Market:  India
ISIN:  INE009A01021
S/N:  INFY","Summary:Strong Buy
Moving Averages:Strong BuyBuy (11)Sell (1)
Technical Indicators:Strong BuyBuy (9)Sell (1)
Pivot PointsAug 04, 2022 09:00AM GMT
Name
S3
S2
S1
Pivot Points
R1
R2
R3
Classic
1577.99
1581.07
1584.14
1587.22
1590.29
1593.37
1596.44
Fibonacci
1581.07
1583.42
1584.87
1587.22
1589.57
1591.02
1593.37
Camarilla
1585.51
1586.07
1586.64
1587.22
1587.76
1588.33
1588.89
Woodie's
1577.97
1581.06
1584.12
1587.21
1590.27
1593.36
1596.42
DeMark's
-
-
1582.60
1586.45
1588.75
-
-
Technical IndicatorsAug 04, 2022 09:00AM GMT
Name
Value
Action
RSI(14)
66.207
Buy
STOCH(9,6)
70.677
Buy
STOCHRSI(14)
37.932
Sell
MACD(12,26)
14.340
Buy
ADX(14)
33.841
Neutral
Williams %R
-28.989
Buy
CCI(14)
63.5501
Buy
ATR(14)
10.4821
High Volatility
Highs/Lows(14)
8.6964
Buy
Ultimate Oscillator
62.670
Buy
ROC
1.782
Buy
Bull/Bear Power(13)
19.5280
Buy
Buy: 9
Sell: 1
Neutral: 1


Summary:Strong Buy
Moving AveragesAug 04, 2022 09:00AM GMT
Period
Simple
Exponential
MA5
1587.86
Sell
1587.01
Buy
MA10
1583.33
Buy
1581.14
Buy
MA20
1565.16
Buy
1571.70
Buy
MA50
1543.94
Buy
1549.12
Buy
MA100
1519.71
Buy
1526.13
Buy
MA200
1495.40
Buy
1505.12
Buy
Buy: 11
Sell: 1


Summary:Strong Buy","Volume: 5,758,656
Bid/Ask: 1,590.80 / 1,590.85
Day's Range: 1,574.95 - 1,603.85"
2022-08-04 09:06:00.000042,"1,591.25 +25.15    +1.61%
05:05:38 - Real-time Data. Currency in INR ( Disclaimer )
Type:  Equity
Market:  India
ISIN:  INE009A01021
S/N:  INFY","Summary:Strong Buy
Moving Averages:Strong BuyBuy (11)Sell (1)
Technical Indicators:Strong BuyBuy (9)Sell (1)
Pivot PointsAug 04, 2022 09:00AM GMT
Name
S3
S2
S1
Pivot Points
R1
R2
R3
Classic
1577.99
1581.07
1584.14
1587.22
1590.29
1593.37
1596.44
Fibonacci
1581.07
1583.42
1584.87
1587.22
1589.57
1591.02
1593.37
Camarilla
1585.51
1586.07
1586.64
1587.22
1587.76
1588.33
1588.89
Woodie's
1577.97
1581.06
1584.12
1587.21
1590.27
1593.36
1596.42
DeMark's
-
-
1582.60
1586.45
1588.75
-
-
Technical IndicatorsAug 04, 2022 09:00AM GMT
Name
Value
Action
RSI(14)
66.207
Buy
STOCH(9,6)
70.677
Buy
STOCHRSI(14)
37.932
Sell
MACD(12,26)
14.340
Buy
ADX(14)
33.841
Neutral
Williams %R
-28.989
Buy
CCI(14)
63.5501
Buy
ATR(14)
10.4821
High Volatility
Highs/Lows(14)
8.6964
Buy
Ultimate Oscillator
62.670
Buy
ROC
1.782
Buy
Bull/Bear Power(13)
19.5280
Buy
Buy: 9
Sell: 1
Neutral: 1


Summary:Strong Buy
Moving AveragesAug 04, 2022 09:00AM GMT
Period
Simple
Exponential
MA5
1587.86
Sell
1587.01
Buy
MA10
1583.33
Buy
1581.14
Buy
MA20
1565.16
Buy
1571.70
Buy
MA50
1543.94
Buy
1549.12
Buy
MA100
1519.71
Buy
1526.13
Buy
MA200
1495.40
Buy
1505.12
Buy
Buy: 11
Sell: 1


Summary:Strong Buy","Volume: 5,787,406
Bid/Ask: 1,591.25 / 1,591.45
Day's Range: 1,574.95 - 1,603.85"
2022-08-04 09:08:00.000042,"1,591.80 +25.70    +1.64%
05:07:27 - Real-time Data. Currency in INR ( Disclaimer )
Type:  Equity
Market:  India
ISIN:  INE009A01021
S/N:  INFY","Summary:Strong Buy
Moving Averages:Strong BuyBuy (11)Sell (1)
Technical Indicators:Strong BuyBuy (9)Sell (1)
Pivot PointsAug 04, 2022 09:00AM GMT
Name
S3
S2
S1
Pivot Points
R1
R2
R3
Classic
1577.99
1581.07
1584.14
1587.22
1590.29
1593.37
1596.44
Fibonacci
1581.07
1583.42
1584.87
1587.22
1589.57
1591.02
1593.37
Camarilla
1585.51
1586.07
1586.64
1587.22
1587.76
1588.33
1588.89
Woodie's
1577.97
1581.06
1584.12
1587.21
1590.27
1593.36
1596.42
DeMark's
-
-
1582.60
1586.45
1588.75
-
-
Technical IndicatorsAug 04, 2022 09:00AM GMT
Name
Value
Action
RSI(14)
66.207
Buy
STOCH(9,6)
70.677
Buy
STOCHRSI(14)
37.932
Sell
MACD(12,26)
14.340
Buy
ADX(14)
33.841
Neutral
Williams %R
-28.989
Buy
CCI(14)
63.5501
Buy
ATR(14)
10.4821
High Volatility
Highs/Lows(14)
8.6964
Buy
Ultimate Oscillator
62.670
Buy
ROC
1.782
Buy
Bull/Bear Power(13)
19.5280
Buy
Buy: 9
Sell: 1
Neutral: 1


Summary:Strong Buy
Moving AveragesAug 04, 2022 09:00AM GMT
Period
Simple
Exponential
MA5
1587.86
Sell
1587.01
Buy
MA10
1583.33
Buy
1581.14
Buy
MA20
1565.16
Buy
1571.70
Buy
MA50
1543.94
Buy
1549.12
Buy
MA100
1519.71
Buy
1526.13
Buy
MA200
1495.40
Buy
1505.12
Buy
Buy: 11
Sell: 1


Summary:Strong Buy","Volume: 5,807,122
Bid/Ask: 1,591.60 / 1,591.80
Day's Range: 1,574.95 - 1,603.85"
2022-08-04 09:10:00.000042,"1,591.35 +25.25    +1.61%
05:09:32 - Real-time Data. Currency in INR ( Disclaimer )
Type:  Equity
Market:  India
ISIN:  INE009A01021
S/N:  INFY","Summary:Strong Buy
Moving Averages:Strong BuyBuy (11)Sell (1)
Technical Indicators:Strong BuyBuy (9)Sell (1)
Pivot PointsAug 04, 2022 09:00AM GMT
Name
S3
S2
S1
Pivot Points
R1
R2
R3
Classic
1577.99
1581.07
1584.14
1587.22
1590.29
1593.37
1596.44
Fibonacci
1581.07
1583.42
1584.87
1587.22
1589.57
1591.02
1593.37
Camarilla
1585.51
1586.07
1586.64
1587.22
1587.76
1588.33
1588.89
Woodie's
1577.97
1581.06
1584.12
1587.21
1590.27
1593.36
1596.42
DeMark's
-
-
1582.60
1586.45
1588.75
-
-
Technical IndicatorsAug 04, 2022 09:00AM GMT
Name
Value
Action
RSI(14)
66.207
Buy
STOCH(9,6)
70.677
Buy
STOCHRSI(14)
37.932
Sell
MACD(12,26)
14.340
Buy
ADX(14)
33.841
Neutral
Williams %R
-28.989
Buy
CCI(14)
63.5501
Buy
ATR(14)
10.4821
High Volatility
Highs/Lows(14)
8.6964
Buy
Ultimate Oscillator
62.670
Buy
ROC
1.782
Buy
Bull/Bear Power(13)
19.5280
Buy
Buy: 9
Sell: 1
Neutral: 1


Summary:Strong Buy
Moving AveragesAug 04, 2022 09:00AM GMT
Period
Simple
Exponential
MA5
1587.86
Sell
1587.01
Buy
MA10
1583.33
Buy
1581.14
Buy
MA20
1565.16
Buy
1571.70
Buy
MA50
1543.94
Buy
1549.12
Buy
MA100
1519.71
Buy
1526.13
Buy
MA200
1495.40
Buy
1505.12
Buy
Buy: 11
Sell: 1


Summary:Strong Buy","Volume: 5,819,500
Bid/Ask: 1,591.15 / 1,591.35
Day's Range: 1,574.95 - 1,603.85"
2022-08-04 09:12:00.000041,"1,592.00 +25.90    +1.65%
05:11:32 - Real-time Data. Currency in INR ( Disclaimer )
Type:  Equity
Market:  India
ISIN:  INE009A01021
S/N:  INFY","Summary:Strong Buy
Moving Averages:Strong BuyBuy (12)Sell (0)
Technical Indicators:Strong BuyBuy (10)Sell (0)
Pivot PointsAug 04, 2022 09:10AM GMT
Name
S3
S2
S1
Pivot Points
R1
R2
R3
Classic
1577.99
1581.07
1584.14
1587.22
1590.29
1593.37
1596.44
Fibonacci
1581.07
1583.42
1584.87
1587.22
1589.57
1591.02
1593.37
Camarilla
1585.51
1586.07
1586.64
1587.22
1587.76
1588.33
1588.89
Woodie's
1577.97
1581.06
1584.12
1587.21
1590.27
1593.36
1596.42
DeMark's
-
-
1582.60
1586.45
1588.75
-
-
Technical IndicatorsAug 04, 2022 09:10AM GMT
Name
Value
Action
RSI(14)
67.888
Buy
STOCH(9,6)
72.211
Buy
STOCHRSI(14)
46.859
Neutral
MACD(12,26)
14.670
Buy
ADX(14)
36.228
Buy
Williams %R
-21.720
Buy
CCI(14)
74.9329
Buy
ATR(14)
10.8214
High Volatility
Highs/Lows(14)
12.4571
Buy
Ultimate Oscillator
63.616
Buy
ROC
2.045
Buy
Bull/Bear Power(13)
23.1080
Buy
Buy: 10
Sell: 0
Neutral: 1


Summary:Strong Buy
Moving AveragesAug 04, 2022 09:10AM GMT
Period
Simple
Exponential
MA5
1588.68
Buy
1588.38
Buy
MA10
1583.74
Buy
1581.88
Buy
MA20
1565.37
Buy
1572.09
Buy
MA50
1544.02
Buy
1549.29
Buy
MA100
1519.75
Buy
1526.21
Buy
MA200
1495.42
Buy
1505.16
Buy
Buy: 12
Sell: 0


Summary:Strong Buy","Volume: 5,835,141
Bid/Ask: 1,591.90 / 1,592.00
Day's Range: 1,574.95 - 1,603.85"
2022-08-04 09:14:00.000042,"1,593.55 +27.45    +1.75%
05:13:32 - Real-time Data. Currency in INR ( Disclaimer )
Type:  Equity
Market:  India
ISIN:  INE009A01021
S/N:  INFY","Summary:Strong Buy
Moving Averages:Strong BuyBuy (12)Sell (0)
Technical Indicators:Strong BuyBuy (10)Sell (0)
Pivot PointsAug 04, 2022 09:10AM GMT
Name
S3
S2
S1
Pivot Points
R1
R2
R3
Classic
1577.99
1581.07
1584.14
1587.22
1590.29
1593.37
1596.44
Fibonacci
1581.07
1583.42
1584.87
1587.22
1589.57
1591.02
1593.37
Camarilla
1585.51
1586.07
1586.64
1587.22
1587.76
1588.33
1588.89
Woodie's
1577.97
1581.06
1584.12
1587.21
1590.27
1593.36
1596.42
DeMark's
-
-
1582.60
1586.45
1588.75
-
-
Technical IndicatorsAug 04, 2022 09:10AM GMT
Name
Value
Action
RSI(14)
67.888
Buy
STOCH(9,6)
72.211
Buy
STOCHRSI(14)
46.859
Neutral
MACD(12,26)
14.670
Buy
ADX(14)
36.228
Buy
Williams %R
-21.720
Buy
CCI(14)
74.9329
Buy
ATR(14)
10.8214
High Volatility
Highs/Lows(14)
12.4571
Buy
Ultimate Oscillator
63.616
Buy
ROC
2.045
Buy
Bull/Bear Power(13)
23.1080
Buy
Buy: 10
Sell: 0
Neutral: 1


Summary:Strong Buy
Moving AveragesAug 04, 2022 09:10AM GMT
Period
Simple
Exponential
MA5
1588.68
Buy
1588.38
Buy
MA10
1583.74
Buy
1581.88
Buy
MA20
1565.37
Buy
1572.09
Buy
MA50
1544.02
Buy
1549.29
Buy
MA100
1519.75
Buy
1526.21
Buy
MA200
1495.42
Buy
1505.16
Buy
Buy: 12
Sell: 0


Summary:Strong Buy","Volume: 5,860,540
Bid/Ask: 1,593.55 / 1,593.75
Day's Range: 1,574.95 - 1,603.85"
2022-08-04 09:16:00.000042,"1,593.65 +27.55    +1.76%
05:15:38 - Real-time Data. Currency in INR ( Disclaimer )
Type:  Equity
Market:  India
ISIN:  INE009A01021
S/N:  INFY","Summary:Strong Buy
Moving Averages:Strong BuyBuy (12)Sell (0)
Technical Indicators:Strong BuyBuy (10)Sell (0)
Pivot PointsAug 04, 2022 09:10AM GMT
Name
S3
S2
S1
Pivot Points
R1
R2
R3
Classic
1577.99
1581.07
1584.14
1587.22
1590.29
1593.37
1596.44
Fibonacci
1581.07
1583.42
1584.87
1587.22
1589.57
1591.02
1593.37
Camarilla
1585.51
1586.07
1586.64
1587.22
1587.76
1588.33
1588.89
Woodie's
1577.97
1581.06
1584.12
1587.21
1590.27
1593.36
1596.42
DeMark's
-
-
1582.60
1586.45
1588.75
-
-
Technical IndicatorsAug 04, 2022 09:10AM GMT
Name
Value
Action
RSI(14)
67.888
Buy
STOCH(9,6)
72.211
Buy
STOCHRSI(14)
46.859
Neutral
MACD(12,26)
14.670
Buy
ADX(14)
36.228
Buy
Williams %R
-21.720
Buy
CCI(14)
74.9329
Buy
ATR(14)
10.8214
High Volatility
Highs/Lows(14)
12.4571
Buy
Ultimate Oscillator
63.616
Buy
ROC
2.045
Buy
Bull/Bear Power(13)
23.1080
Buy
Buy: 10
Sell: 0
Neutral: 1


Summary:Strong Buy
Moving AveragesAug 04, 2022 09:10AM GMT
Period
Simple
Exponential
MA5
1588.68
Buy
1588.38
Buy
MA10
1583.74
Buy
1581.88
Buy
MA20
1565.37
Buy
1572.09
Buy
MA50
1544.02
Buy
1549.29
Buy
MA100
1519.75
Buy
1526.21
Buy
MA200
1495.42
Buy
1505.16
Buy
Buy: 12
Sell: 0


Summary:Strong Buy","Volume: 5,883,426
Bid/Ask: 1,593.10 / 1,593.65
Day's Range: 1,574.95 - 1,603.85"
2022-08-04 09:18:00.000043,"1,594.85 +28.75    +1.84%
05:17:42 - Real-time Data. Currency in INR ( Disclaimer )
Type:  Equity
Market:  India
ISIN:  INE009A01021
S/N:  INFY","Summary:Strong Buy
Moving Averages:Strong BuyBuy (12)Sell (0)
Technical Indicators:Strong BuyBuy (10)Sell (0)
Pivot PointsAug 04, 2022 09:10AM GMT
Name
S3
S2
S1
Pivot Points
R1
R2
R3
Classic
1577.99
1581.07
1584.14
1587.22
1590.29
1593.37
1596.44
Fibonacci
1581.07
1583.42
1584.87
1587.22
1589.57
1591.02
1593.37
Camarilla
1585.51
1586.07
1586.64
1587.22
1587.76
1588.33
1588.89
Woodie's
1577.97
1581.06
1584.12
1587.21
1590.27
1593.36
1596.42
DeMark's
-
-
1582.60
1586.45
1588.75
-
-
Technical IndicatorsAug 04, 2022 09:10AM GMT
Name
Value
Action
RSI(14)
67.888
Buy
STOCH(9,6)
72.211
Buy
STOCHRSI(14)
46.859
Neutral
MACD(12,26)
14.670
Buy
ADX(14)
36.228
Buy
Williams %R
-21.720
Buy
CCI(14)
74.9329
Buy
ATR(14)
10.8214
High Volatility
Highs/Lows(14)
12.4571
Buy
Ultimate Oscillator
63.616
Buy
ROC
2.045
Buy
Bull/Bear Power(13)
23.1080
Buy
Buy: 10
Sell: 0
Neutral: 1


Summary:Strong Buy
Moving AveragesAug 04, 2022 09:10AM GMT
Period
Simple
Exponential
MA5
1588.68
Buy
1588.38
Buy
MA10
1583.74
Buy
1581.88
Buy
MA20
1565.37
Buy
1572.09
Buy
MA50
1544.02
Buy
1549.29
Buy
MA100
1519.75
Buy
1526.21
Buy
MA200
1495.42
Buy
1505.16
Buy
Buy: 12
Sell: 0


Summary:Strong Buy","Volume: 5,924,779
Bid/Ask: 1,594.80 / 1,595.00
Day's Range: 1,574.95 - 1,603.85"
2022-08-04 09:20:00.000045,"1,594.20 +28.10    +1.79%
05:19:33 - Real-time Data. Currency in INR ( Disclaimer )
Type:  Equity
Market:  India
ISIN:  INE009A01021
S/N:  INFY","Summary:Strong Buy
Moving Averages:Strong BuyBuy (12)Sell (0)
Technical Indicators:Strong BuyBuy (10)Sell (0)
Pivot PointsAug 04, 2022 09:10AM GMT
Name
S3
S2
S1
Pivot Points
R1
R2
R3
Classic
1577.99
1581.07
1584.14
1587.22
1590.29
1593.37
1596.44
Fibonacci
1581.07
1583.42
1584.87
1587.22
1589.57
1591.02
1593.37
Camarilla
1585.51
1586.07
1586.64
1587.22
1587.76
1588.33
1588.89
Woodie's
1577.97
1581.06
1584.12
1587.21
1590.27
1593.36
1596.42
DeMark's
-
-
1582.60
1586.45
1588.75
-
-
Technical IndicatorsAug 04, 2022 09:10AM GMT
Name
Value
Action
RSI(14)
67.888
Buy
STOCH(9,6)
72.211
Buy
STOCHRSI(14)
46.859
Neutral
MACD(12,26)
14.670
Buy
ADX(14)
36.228
Buy
Williams %R
-21.720
Buy
CCI(14)
74.9329
Buy
ATR(14)
10.8214
High Volatility
Highs/Lows(14)
12.4571
Buy
Ultimate Oscillator
63.616
Buy
ROC
2.045
Buy
Bull/Bear Power(13)
23.1080
Buy
Buy: 10
Sell: 0
Neutral: 1


Summary:Strong Buy
Moving AveragesAug 04, 2022 09:10AM GMT
Period
Simple
Exponential
MA5
1588.68
Buy
1588.38
Buy
MA10
1583.74
Buy
1581.88
Buy
MA20
1565.37
Buy
1572.09
Buy
MA50
1544.02
Buy
1549.29
Buy
MA100
1519.75
Buy
1526.21
Buy
MA200
1495.42
Buy
1505.16
Buy
Buy: 12
Sell: 0


Summary:Strong Buy","Volume: 5,950,401
Bid/Ask: 1,594.05 / 1,594.20
Day's Range: 1,574.95 - 1,603.85"
2022-08-04 09:22:00.000042,"1,595.00 +28.90    +1.85%
05:21:31 - Real-time Data. Currency in INR ( Disclaimer )
Type:  Equity
Market:  India
ISIN:  INE009A01021
S/N:  INFY","Summary:Strong Buy
Moving Averages:Strong BuyBuy (12)Sell (0)
Technical Indicators:Strong BuyBuy (9)Sell (0)
Pivot PointsAug 04, 2022 09:20AM GMT
Name
S3
S2
S1
Pivot Points
R1
R2
R3
Classic
1577.99
1581.07
1584.14
1587.22
1590.29
1593.37
1596.44
Fibonacci
1581.07
1583.42
1584.87
1587.22
1589.57
1591.02
1593.37
Camarilla
1585.51
1586.07
1586.64
1587.22
1587.76
1588.33
1588.89
Woodie's
1577.97
1581.06
1584.12
1587.21
1590.27
1593.36
1596.42
DeMark's
-
-
1582.60
1586.45
1588.75
-
-
Technical IndicatorsAug 04, 2022 09:20AM GMT
Name
Value
Action
RSI(14)
68.925
Buy
STOCH(9,6)
73.240
Buy
STOCHRSI(14)
52.366
Neutral
MACD(12,26)
14.880
Buy
ADX(14)
37.211
Buy
Williams %R
-16.844
Overbought
CCI(14)
81.8580
Buy
ATR(14)
11.0179
High Volatility
Highs/Lows(14)
15.0107
Buy
Ultimate Oscillator
64.438
Buy
ROC
2.222
Buy
Bull/Bear Power(13)
25.0720
Buy
Buy: 9
Sell: 0
Neutral: 1


Summary:Strong Buy
Moving AveragesAug 04, 2022 09:20AM GMT
Period
Simple
Exponential
MA5
1589.23
Buy
1589.29
Buy
MA10
1584.02
Buy
1582.38
Buy
MA20
1565.50
Buy
1572.35
Buy
MA50
1544.08
Buy
1549.39
Buy
MA100
1519.78
Buy
1526.27
Buy
MA200
1495.43
Buy
1505.19
Buy
Buy: 12
Sell: 0


Summary:Strong Buy","Volume: 5,982,372
Bid/Ask: 1,594.85 / 1,594.90
Day's Range: 1,574.95 - 1,603.85"
2022-08-04 09:24:00.000042,"1,595.70 +29.60    +1.89%
05:23:33 - Real-time Data. Currency in INR ( Disclaimer )
Type:  Equity
Market:  India
ISIN:  INE009A01021
S/N:  INFY","Summary:Strong Buy
Moving Averages:Strong BuyBuy (12)Sell (0)
Technical Indicators:Strong BuyBuy (9)Sell (0)
Pivot PointsAug 04, 2022 09:20AM GMT
Name
S3
S2
S1
Pivot Points
R1
R2
R3
Classic
1577.99
1581.07
1584.14
1587.22
1590.29
1593.37
1596.44
Fibonacci
1581.07
1583.42
1584.87
1587.22
1589.57
1591.02
1593.37
Camarilla
1585.51
1586.07
1586.64
1587.22
1587.76
1588.33
1588.89
Woodie's
1577.97
1581.06
1584.12
1587.21
1590.27
1593.36
1596.42
DeMark's
-
-
1582.60
1586.45
1588.75
-
-
Technical IndicatorsAug 04, 2022 09:20AM GMT
Name
Value
Action
RSI(14)
68.925
Buy
STOCH(9,6)
73.240
Buy
STOCHRSI(14)
52.366
Neutral
MACD(12,26)
14.880
Buy
ADX(14)
37.211
Buy
Williams %R
-16.844
Overbought
CCI(14)
81.8580
Buy
ATR(14)
11.0179
High Volatility
Highs/Lows(14)
15.0107
Buy
Ultimate Oscillator
64.438
Buy
ROC
2.222
Buy
Bull/Bear Power(13)
25.0720
Buy
Buy: 9
Sell: 0
Neutral: 1


Summary:Strong Buy
Moving AveragesAug 04, 2022 09:20AM GMT
Period
Simple
Exponential
MA5
1589.23
Buy
1589.29
Buy
MA10
1584.02
Buy
1582.38
Buy
MA20
1565.50
Buy
1572.35
Buy
MA50
1544.08
Buy
1549.39
Buy
MA100
1519.78
Buy
1526.27
Buy
MA200
1495.43
Buy
1505.19
Buy
Buy: 12
Sell: 0


Summary:Strong Buy","Volume: 5,994,257
Bid/Ask: 1,595.30 / 1,595.70
Day's Range: 1,574.95 - 1,603.85"
2022-08-04 09:26:00.000044,"1,596.55 +30.45    +1.94%
05:25:32 - Real-time Data. Currency in INR ( Disclaimer )
Type:  Equity
Market:  India
ISIN:  INE009A01021
S/N:  INFY","Summary:Strong Buy
Moving Averages:Strong BuyBuy (12)Sell (0)
Technical Indicators:Strong BuyBuy (9)Sell (0)
Pivot PointsAug 04, 2022 09:20AM GMT
Name
S3
S2
S1
Pivot Points
R1
R2
R3
Classic
1577.99
1581.07
1584.14
1587.22
1590.29
1593.37
1596.44
Fibonacci
1581.07
1583.42
1584.87
1587.22
1589.57
1591.02
1593.37
Camarilla
1585.51
1586.07
1586.64
1587.22
1587.76
1588.33
1588.89
Woodie's
1577.97
1581.06
1584.12
1587.21
1590.27
1593.36
1596.42
DeMark's
-
-
1582.60
1586.45
1588.75
-
-
Technical IndicatorsAug 04, 2022 09:20AM GMT
Name
Value
Action
RSI(14)
68.925
Buy
STOCH(9,6)
73.240
Buy
STOCHRSI(14)
52.366
Neutral
MACD(12,26)
14.880
Buy
ADX(14)
37.211
Buy
Williams %R
-16.844
Overbought
CCI(14)
81.8580
Buy
ATR(14)
11.0179
High Volatility
Highs/Lows(14)
15.0107
Buy
Ultimate Oscillator
64.438
Buy
ROC
2.222
Buy
Bull/Bear Power(13)
25.0720
Buy
Buy: 9
Sell: 0
Neutral: 1


Summary:Strong Buy
Moving AveragesAug 04, 2022 09:20AM GMT
Period
Simple
Exponential
MA5
1589.23
Buy
1589.29
Buy
MA10
1584.02
Buy
1582.38
Buy
MA20
1565.50
Buy
1572.35
Buy
MA50
1544.08
Buy
1549.39
Buy
MA100
1519.78
Buy
1526.27
Buy
MA200
1495.43
Buy
1505.19
Buy
Buy: 12
Sell: 0


Summary:Strong Buy","Volume: 6,021,175
Bid/Ask: 1,596.55 / 1,596.65
Day's Range: 1,574.95 - 1,603.85"
2022-08-04 09:28:00.000042,"1,595.85 +29.75    +1.90%
05:27:32 - Real-time Data. Currency in INR ( Disclaimer )
Type:  Equity
Market:  India
ISIN:  INE009A01021
S/N:  INFY","Summary:Strong Buy
Moving Averages:Strong BuyBuy (12)Sell (0)
Technical Indicators:Strong BuyBuy (9)Sell (0)
Pivot PointsAug 04, 2022 09:20AM GMT
Name
S3
S2
S1
Pivot Points
R1
R2
R3
Classic
1577.99
1581.07
1584.14
1587.22
1590.29
1593.37
1596.44
Fibonacci
1581.07
1583.42
1584.87
1587.22
1589.57
1591.02
1593.37
Camarilla
1585.51
1586.07
1586.64
1587.22
1587.76
1588.33
1588.89
Woodie's
1577.97
1581.06
1584.12
1587.21
1590.27
1593.36
1596.42
DeMark's
-
-
1582.60
1586.45
1588.75
-
-
Technical IndicatorsAug 04, 2022 09:20AM GMT
Name
Value
Action
RSI(14)
68.925
Buy
STOCH(9,6)
73.240
Buy
STOCHRSI(14)
52.366
Neutral
MACD(12,26)
14.880
Buy
ADX(14)
37.211
Buy
Williams %R
-16.844
Overbought
CCI(14)
81.8580
Buy
ATR(14)
11.0179
High Volatility
Highs/Lows(14)
15.0107
Buy
Ultimate Oscillator
64.438
Buy
ROC
2.222
Buy
Bull/Bear Power(13)
25.0720
Buy
Buy: 9
Sell: 0
Neutral: 1


Summary:Strong Buy
Moving AveragesAug 04, 2022 09:20AM GMT
Period
Simple
Exponential
MA5
1589.23
Buy
1589.29
Buy
MA10
1584.02
Buy
1582.38
Buy
MA20
1565.50
Buy
1572.35
Buy
MA50
1544.08
Buy
1549.39
Buy
MA100
1519.78
Buy
1526.27
Buy
MA200
1495.43
Buy
1505.19
Buy
Buy: 12
Sell: 0


Summary:Strong Buy","Volume: 6,042,683
Bid/Ask: 1,595.60 / 1,595.75
Day's Range: 1,574.95 - 1,603.85"
2022-08-04 09:30:00.000043,"1,596.00 +29.90    +1.91%
05:29:33 - Real-time Data. Currency in INR ( Disclaimer )
Type:  Equity
Market:  India
ISIN:  INE009A01021
S/N:  INFY","Summary:Strong Buy
Moving Averages:Strong BuyBuy (12)Sell (0)
Technical Indicators:Strong BuyBuy (9)Sell (0)
Pivot PointsAug 04, 2022 09:20AM GMT
Name
S3
S2
S1
Pivot Points
R1
R2
R3
Classic
1577.99
1581.07
1584.14
1587.22
1590.29
1593.37
1596.44
Fibonacci
1581.07
1583.42
1584.87
1587.22
1589.57
1591.02
1593.37
Camarilla
1585.51
1586.07
1586.64
1587.22
1587.76
1588.33
1588.89
Woodie's
1577.97
1581.06
1584.12
1587.21
1590.27
1593.36
1596.42
DeMark's
-
-
1582.60
1586.45
1588.75
-
-
Technical IndicatorsAug 04, 2022 09:20AM GMT
Name
Value
Action
RSI(14)
68.925
Buy
STOCH(9,6)
73.240
Buy
STOCHRSI(14)
52.366
Neutral
MACD(12,26)
14.880
Buy
ADX(14)
37.211
Buy
Williams %R
-16.844
Overbought
CCI(14)
81.8580
Buy
ATR(14)
11.0179
High Volatility
Highs/Lows(14)
15.0107
Buy
Ultimate Oscillator
64.438
Buy
ROC
2.222
Buy
Bull/Bear Power(13)
25.0720
Buy
Buy: 9
Sell: 0
Neutral: 1


Summary:Strong Buy
Moving AveragesAug 04, 2022 09:20AM GMT
Period
Simple
Exponential
MA5
1589.23
Buy
1589.29
Buy
MA10
1584.02
Buy
1582.38
Buy
MA20
1565.50
Buy
1572.35
Buy
MA50
1544.08
Buy
1549.39
Buy
MA100
1519.78
Buy
1526.27
Buy
MA200
1495.43
Buy
1505.19
Buy
Buy: 12
Sell: 0


Summary:Strong Buy","Volume: 6,061,599
Bid/Ask: 1,595.95 / 1,596.00
Day's Range: 1,574.95 - 1,603.85"
2022-08-04 09:32:00.000045,"1,599.40 +33.30    +2.13%
05:31:28 - Real-time Data. Currency in INR ( Disclaimer )
Type:  Equity
Market:  India
ISIN:  INE009A01021
S/N:  INFY","Summary:Strong Buy
Moving Averages:Strong BuyBuy (12)Sell (0)
Technical Indicators:Strong BuyBuy (10)Sell (0)
Pivot PointsAug 04, 2022 09:30AM GMT
Name
S3
S2
S1
Pivot Points
R1
R2
R3
Classic
1577.99
1581.07
1584.14
1587.22
1590.29
1593.37
1596.44
Fibonacci
1581.07
1583.42
1584.87
1587.22
1589.57
1591.02
1593.37
Camarilla
1585.51
1586.07
1586.64
1587.22
1587.76
1588.33
1588.89
Woodie's
1577.97
1581.06
1584.12
1587.21
1590.27
1593.36
1596.42
DeMark's
-
-
1582.60
1586.45
1588.75
-
-
Technical IndicatorsAug 04, 2022 09:30AM GMT
Name
Value
Action
RSI(14)
69.811
Buy
STOCH(9,6)
74.175
Buy
STOCHRSI(14)
57.071
Buy
MACD(12,26)
15.090
Buy
ADX(14)
37.533
Buy
Williams %R
-12.411
Overbought
CCI(14)
87.4414
Buy
ATR(14)
11.1607
High Volatility
Highs/Lows(14)
17.3678
Buy
Ultimate Oscillator
65.417
Buy
ROC
2.382
Buy
Bull/Bear Power(13)
26.3580
Buy
Buy: 10
Sell: 0
Neutral: 0


Summary:Strong Buy
Moving AveragesAug 04, 2022 09:30AM GMT
Period
Simple
Exponential
MA5
1589.73
Buy
1590.13
Buy
MA10
1584.27
Buy
1582.84
Buy
MA20
1565.63
Buy
1572.59
Buy
MA50
1544.13
Buy
1549.49
Buy
MA100
1519.81
Buy
1526.32
Buy
MA200
1495.45
Buy
1505.21
Buy
Buy: 12
Sell: 0


Summary:Strong Buy","Volume: 6,148,486
Bid/Ask: 1,599.40 / 1,599.45
Day's Range: 1,574.95 - 1,603.85"
2022-08-04 09:34:00.000040,"1,599.80 +33.70    +2.15%
05:33:28 - Real-time Data. Currency in INR ( Disclaimer )
Type:  Equity
Market:  India
ISIN:  INE009A01021
S/N:  INFY","Summary:Strong Buy
Moving Averages:Strong BuyBuy (12)Sell (0)
Technical Indicators:Strong BuyBuy (10)Sell (0)
Pivot PointsAug 04, 2022 09:30AM GMT
Name
S3
S2
S1
Pivot Points
R1
R2
R3
Classic
1577.99
1581.07
1584.14
1587.22
1590.29
1593.37
1596.44
Fibonacci
1581.07
1583.42
1584.87
1587.22
1589.57
1591.02
1593.37
Camarilla
1585.51
1586.07
1586.64
1587.22
1587.76
1588.33
1588.89
Woodie's
1577.97
1581.06
1584.12
1587.21
1590.27
1593.36
1596.42
DeMark's
-
-
1582.60
1586.45
1588.75
-
-
Technical IndicatorsAug 04, 2022 09:30AM GMT
Name
Value
Action
RSI(14)
69.811
Buy
STOCH(9,6)
74.175
Buy
STOCHRSI(14)
57.071
Buy
MACD(12,26)
15.090
Buy
ADX(14)
37.533
Buy
Williams %R
-12.411
Overbought
CCI(14)
87.4414
Buy
ATR(14)
11.1607
High Volatility
Highs/Lows(14)
17.3678
Buy
Ultimate Oscillator
65.417
Buy
ROC
2.382
Buy
Bull/Bear Power(13)
26.3580
Buy
Buy: 10
Sell: 0
Neutral: 0


Summary:Strong Buy
Moving AveragesAug 04, 2022 09:30AM GMT
Period
Simple
Exponential
MA5
1589.73
Buy
1590.13
Buy
MA10
1584.27
Buy
1582.84
Buy
MA20
1565.63
Buy
1572.59
Buy
MA50
1544.13
Buy
1549.49
Buy
MA100
1519.81
Buy
1526.32
Buy
MA200
1495.45
Buy
1505.21
Buy
Buy: 12
Sell: 0


Summary:Strong Buy","Volume: 6,218,632
Bid/Ask: 1,599.80 / 1,599.85
Day's Range: 1,574.95 - 1,603.85"
2022-08-04 09:36:00.000042,"1,599.90 +33.80    +2.16%
05:35:37 - Real-time Data. Currency in INR ( Disclaimer )
Type:  Equity
Market:  India
ISIN:  INE009A01021
S/N:  INFY","Summary:Strong Buy
Moving Averages:Strong BuyBuy (12)Sell (0)
Technical Indicators:Strong BuyBuy (10)Sell (0)
Pivot PointsAug 04, 2022 09:30AM GMT
Name
S3
S2
S1
Pivot Points
R1
R2
R3
Classic
1577.99
1581.07
1584.14
1587.22
1590.29
1593.37
1596.44
Fibonacci
1581.07
1583.42
1584.87
1587.22
1589.57
1591.02
1593.37
Camarilla
1585.51
1586.07
1586.64
1587.22
1587.76
1588.33
1588.89
Woodie's
1577.97
1581.06
1584.12
1587.21
1590.27
1593.36
1596.42
DeMark's
-
-
1582.60
1586.45
1588.75
-
-
Technical IndicatorsAug 04, 2022 09:30AM GMT
Name
Value
Action
RSI(14)
69.811
Buy
STOCH(9,6)
74.175
Buy
STOCHRSI(14)
57.071
Buy
MACD(12,26)
15.090
Buy
ADX(14)
37.533
Buy
Williams %R
-12.411
Overbought
CCI(14)
87.4414
Buy
ATR(14)
11.1607
High Volatility
Highs/Lows(14)
17.3678
Buy
Ultimate Oscillator
65.417
Buy
ROC
2.382
Buy
Bull/Bear Power(13)
26.3580
Buy
Buy: 10
Sell: 0
Neutral: 0


Summary:Strong Buy
Moving AveragesAug 04, 2022 09:30AM GMT
Period
Simple
Exponential
MA5
1589.73
Buy
1590.13
Buy
MA10
1584.27
Buy
1582.84
Buy
MA20
1565.63
Buy
1572.59
Buy
MA50
1544.13
Buy
1549.49
Buy
MA100
1519.81
Buy
1526.32
Buy
MA200
1495.45
Buy
1505.21
Buy
Buy: 12
Sell: 0


Summary:Strong Buy","Volume: 6,408,910
Bid/Ask: 1,599.85 / 1,599.90
Day's Range: 1,574.95 - 1,603.85"
2022-08-04 09:38:00.000046,"1,599.80 +33.70    +2.15%
05:37:42 - Real-time Data. Currency in INR ( Disclaimer )
Type:  Equity
Market:  India
ISIN:  INE009A01021
S/N:  INFY","Summary:Strong Buy
Moving Averages:Strong BuyBuy (12)Sell (0)
Technical Indicators:Strong BuyBuy (10)Sell (0)
Pivot PointsAug 04, 2022 09:30AM GMT
Name
S3
S2
S1
Pivot Points
R1
R2
R3
Classic
1577.99
1581.07
1584.14
1587.22
1590.29
1593.37
1596.44
Fibonacci
1581.07
1583.42
1584.87
1587.22
1589.57
1591.02
1593.37
Camarilla
1585.51
1586.07
1586.64
1587.22
1587.76
1588.33
1588.89
Woodie's
1577.97
1581.06
1584.12
1587.21
1590.27
1593.36
1596.42
DeMark's
-
-
1582.60
1586.45
1588.75
-
-
Technical IndicatorsAug 04, 2022 09:30AM GMT
Name
Value
Action
RSI(14)
69.811
Buy
STOCH(9,6)
74.175
Buy
STOCHRSI(14)
57.071
Buy
MACD(12,26)
15.090
Buy
ADX(14)
37.533
Buy
Williams %R
-12.411
Overbought
CCI(14)
87.4414
Buy
ATR(14)
11.1607
High Volatility
Highs/Lows(14)
17.3678
Buy
Ultimate Oscillator
65.417
Buy
ROC
2.382
Buy
Bull/Bear Power(13)
26.3580
Buy
Buy: 10
Sell: 0
Neutral: 0


Summary:Strong Buy
Moving AveragesAug 04, 2022 09:30AM GMT
Period
Simple
Exponential
MA5
1589.73
Buy
1590.13
Buy
MA10
1584.27
Buy
1582.84
Buy
MA20
1565.63
Buy
1572.59
Buy
MA50
1544.13
Buy
1549.49
Buy
MA100
1519.81
Buy
1526.32
Buy
MA200
1495.45
Buy
1505.21
Buy
Buy: 12
Sell: 0


Summary:Strong Buy","Volume: 6,463,027
Bid/Ask: 1,599.80 / 1,599.85
Day's Range: 1,574.95 - 1,603.85"
2022-08-04 09:40:00.000047,"1,600.55 +34.45    +2.20%
05:39:32 - Real-time Data. Currency in INR ( Disclaimer )
Type:  Equity
Market:  India
ISIN:  INE009A01021
S/N:  INFY","Summary:Strong Buy
Moving Averages:Strong BuyBuy (12)Sell (0)
Technical Indicators:Strong BuyBuy (10)Sell (0)
Pivot PointsAug 04, 2022 09:30AM GMT
Name
S3
S2
S1
Pivot Points
R1
R2
R3
Classic
1577.99
1581.07
1584.14
1587.22
1590.29
1593.37
1596.44
Fibonacci
1581.07
1583.42
1584.87
1587.22
1589.57
1591.02
1593.37
Camarilla
1585.51
1586.07
1586.64
1587.22
1587.76
1588.33
1588.89
Woodie's
1577.97
1581.06
1584.12
1587.21
1590.27
1593.36
1596.42
DeMark's
-
-
1582.60
1586.45
1588.75
-
-
Technical IndicatorsAug 04, 2022 09:30AM GMT
Name
Value
Action
RSI(14)
69.811
Buy
STOCH(9,6)
74.175
Buy
STOCHRSI(14)
57.071
Buy
MACD(12,26)
15.090
Buy
ADX(14)
37.533
Buy
Williams %R
-12.411
Overbought
CCI(14)
87.4414
Buy
ATR(14)
11.1607
High Volatility
Highs/Lows(14)
17.3678
Buy
Ultimate Oscillator
65.417
Buy
ROC
2.382
Buy
Bull/Bear Power(13)
26.3580
Buy
Buy: 10
Sell: 0
Neutral: 0


Summary:Strong Buy
Moving AveragesAug 04, 2022 09:30AM GMT
Period
Simple
Exponential
MA5
1589.73
Buy
1590.13
Buy
MA10
1584.27
Buy
1582.84
Buy
MA20
1565.63
Buy
1572.59
Buy
MA50
1544.13
Buy
1549.49
Buy
MA100
1519.81
Buy
1526.32
Buy
MA200
1495.45
Buy
1505.21
Buy
Buy: 12
Sell: 0


Summary:Strong Buy","Volume: 6,523,172
Bid/Ask: 1,600.45 / 1,600.55
Day's Range: 1,574.95 - 1,603.85"
2022-08-04 09:42:00.000042,"1,600.35 +34.25    +2.19%
05:41:38 - Real-time Data. Currency in INR ( Disclaimer )
Type:  Equity
Market:  India
ISIN:  INE009A01021
S/N:  INFY","Summary:Strong Buy
Moving Averages:Strong BuyBuy (12)Sell (0)
Technical Indicators:Strong BuyBuy (10)Sell (0)
Pivot PointsAug 04, 2022 09:40AM GMT
Name
S3
S2
S1
Pivot Points
R1
R2
R3
Classic
1577.99
1581.07
1584.14
1587.22
1590.29
1593.37
1596.44
Fibonacci
1581.07
1583.42
1584.87
1587.22
1589.57
1591.02
1593.37
Camarilla
1585.51
1586.07
1586.64
1587.22
1587.76
1588.33
1588.89
Woodie's
1577.97
1581.06
1584.12
1587.21
1590.27
1593.36
1596.42
DeMark's
-
-
1582.60
1586.45
1588.75
-
-
Technical IndicatorsAug 04, 2022 09:40AM GMT
Name
Value
Action
RSI(14)
70.970
Buy
STOCH(9,6)
75.484
Buy
STOCHRSI(14)
63.226
Buy
MACD(12,26)
15.360
Buy
ADX(14)
37.860
Buy
Williams %R
-6.206
Overbought
CCI(14)
96.3450
Buy
ATR(14)
11.4321
High Volatility
Highs/Lows(14)
20.5964
Buy
Ultimate Oscillator
66.203
Buy
ROC
2.606
Buy
Bull/Bear Power(13)
29.1581
Buy
Buy: 10
Sell: 0
Neutral: 0


Summary:Strong Buy
Moving AveragesAug 04, 2022 09:40AM GMT
Period
Simple
Exponential
MA5
1590.43
Buy
1591.29
Buy
MA10
1584.62
Buy
1583.47
Buy
MA20
1565.80
Buy
1572.92
Buy
MA50
1544.20
Buy
1549.63
Buy
MA100
1519.84
Buy
1526.39
Buy
MA200
1495.46
Buy
1505.25
Buy
Buy: 12
Sell: 0


Summary:Strong Buy","Volume: 6,623,802
Bid/Ask: 1,600.35 / 1,600.45
Day's Range: 1,574.95 - 1,603.85"
2022-08-04 09:44:00.000042,"1,601.90 +35.80    +2.29%
05:43:33 - Real-time Data. Currency in INR ( Disclaimer )
Type:  Equity
Market:  India
ISIN:  INE009A01021
S/N:  INFY","Summary:Strong Buy
Moving Averages:Strong BuyBuy (12)Sell (0)
Technical Indicators:Strong BuyBuy (10)Sell (0)
Pivot PointsAug 04, 2022 09:40AM GMT
Name
S3
S2
S1
Pivot Points
R1
R2
R3
Classic
1577.99
1581.07
1584.14
1587.22
1590.29
1593.37
1596.44
Fibonacci
1581.07
1583.42
1584.87
1587.22
1589.57
1591.02
1593.37
Camarilla
1585.51
1586.07
1586.64
1587.22
1587.76
1588.33
1588.89
Woodie's
1577.97
1581.06
1584.12
1587.21
1590.27
1593.36
1596.42
DeMark's
-
-
1582.60
1586.45
1588.75
-
-
Technical IndicatorsAug 04, 2022 09:40AM GMT
Name
Value
Action
RSI(14)
70.970
Buy
STOCH(9,6)
75.484
Buy
STOCHRSI(14)
63.226
Buy
MACD(12,26)
15.360
Buy
ADX(14)
37.860
Buy
Williams %R
-6.206
Overbought
CCI(14)
96.3450
Buy
ATR(14)
11.4321
High Volatility
Highs/Lows(14)
20.5964
Buy
Ultimate Oscillator
66.203
Buy
ROC
2.606
Buy
Bull/Bear Power(13)
29.1581
Buy
Buy: 10
Sell: 0
Neutral: 0


Summary:Strong Buy
Moving AveragesAug 04, 2022 09:40AM GMT
Period
Simple
Exponential
MA5
1590.43
Buy
1591.29
Buy
MA10
1584.62
Buy
1583.47
Buy
MA20
1565.80
Buy
1572.92
Buy
MA50
1544.20
Buy
1549.63
Buy
MA100
1519.84
Buy
1526.39
Buy
MA200
1495.46
Buy
1505.25
Buy
Buy: 12
Sell: 0


Summary:Strong Buy","Volume: 6,694,757
Bid/Ask: 1,601.60 / 1,601.90
Day's Range: 1,574.95 - 1,603.85"
2022-08-04 09:46:00.000042,"1,599.05 +32.95    +2.10%
05:45:32 - Real-time Data. Currency in INR ( Disclaimer )
Type:  Equity
Market:  India
ISIN:  INE009A01021
S/N:  INFY","Summary:Strong Buy
Moving Averages:Strong BuyBuy (12)Sell (0)
Technical Indicators:Strong BuyBuy (10)Sell (0)
Pivot PointsAug 04, 2022 09:40AM GMT
Name
S3
S2
S1
Pivot Points
R1
R2
R3
Classic
1577.99
1581.07
1584.14
1587.22
1590.29
1593.37
1596.44
Fibonacci
1581.07
1583.42
1584.87
1587.22
1589.57
1591.02
1593.37
Camarilla
1585.51
1586.07
1586.64
1587.22
1587.76
1588.33
1588.89
Woodie's
1577.97
1581.06
1584.12
1587.21
1590.27
1593.36
1596.42
DeMark's
-
-
1582.60
1586.45
1588.75
-
-
Technical IndicatorsAug 04, 2022 09:40AM GMT
Name
Value
Action
RSI(14)
70.970
Buy
STOCH(9,6)
75.484
Buy
STOCHRSI(14)
63.226
Buy
MACD(12,26)
15.360
Buy
ADX(14)
37.860
Buy
Williams %R
-6.206
Overbought
CCI(14)
96.3450
Buy
ATR(14)
11.4321
High Volatility
Highs/Lows(14)
20.5964
Buy
Ultimate Oscillator
66.203
Buy
ROC
2.606
Buy
Bull/Bear Power(13)
29.1581
Buy
Buy: 10
Sell: 0
Neutral: 0


Summary:Strong Buy
Moving AveragesAug 04, 2022 09:40AM GMT
Period
Simple
Exponential
MA5
1590.43
Buy
1591.29
Buy
MA10
1584.62
Buy
1583.47
Buy
MA20
1565.80
Buy
1572.92
Buy
MA50
1544.20
Buy
1549.63
Buy
MA100
1519.84
Buy
1526.39
Buy
MA200
1495.46
Buy
1505.25
Buy
Buy: 12
Sell: 0


Summary:Strong Buy","Volume: 6,808,297
Bid/Ask: 1,598.95 / 1,599.25
Day's Range: 1,574.95 - 1,603.85"
2022-08-04 09:48:00.000042,"1,598.90 +32.80    +2.09%
05:47:42 - Real-time Data. Currency in INR ( Disclaimer )
Type:  Equity
Market:  India
ISIN:  INE009A01021
S/N:  INFY","Summary:Strong Buy
Moving Averages:Strong BuyBuy (12)Sell (0)
Technical Indicators:Strong BuyBuy (10)Sell (0)
Pivot PointsAug 04, 2022 09:40AM GMT
Name
S3
S2
S1
Pivot Points
R1
R2
R3
Classic
1577.99
1581.07
1584.14
1587.22
1590.29
1593.37
1596.44
Fibonacci
1581.07
1583.42
1584.87
1587.22
1589.57
1591.02
1593.37
Camarilla
1585.51
1586.07
1586.64
1587.22
1587.76
1588.33
1588.89
Woodie's
1577.97
1581.06
1584.12
1587.21
1590.27
1593.36
1596.42
DeMark's
-
-
1582.60
1586.45
1588.75
-
-
Technical IndicatorsAug 04, 2022 09:40AM GMT
Name
Value
Action
RSI(14)
70.970
Buy
STOCH(9,6)
75.484
Buy
STOCHRSI(14)
63.226
Buy
MACD(12,26)
15.360
Buy
ADX(14)
37.860
Buy
Williams %R
-6.206
Overbought
CCI(14)
96.3450
Buy
ATR(14)
11.4321
High Volatility
Highs/Lows(14)
20.5964
Buy
Ultimate Oscillator
66.203
Buy
ROC
2.606
Buy
Bull/Bear Power(13)
29.1581
Buy
Buy: 10
Sell: 0
Neutral: 0


Summary:Strong Buy
Moving AveragesAug 04, 2022 09:40AM GMT
Period
Simple
Exponential
MA5
1590.43
Buy
1591.29
Buy
MA10
1584.62
Buy
1583.47
Buy
MA20
1565.80
Buy
1572.92
Buy
MA50
1544.20
Buy
1549.63
Buy
MA100
1519.84
Buy
1526.39
Buy
MA200
1495.46
Buy
1505.25
Buy
Buy: 12
Sell: 0


Summary:Strong Buy","Volume: 6,905,299
Bid/Ask: 1,598.90 / 1,599.05
Day's Range: 1,574.95 - 1,603.85"
2022-08-04 09:50:00.000042,"1,598.85 +32.75    +2.09%
05:49:42 - Real-time Data. Currency in INR ( Disclaimer )
Type:  Equity
Market:  India
ISIN:  INE009A01021
S/N:  INFY","Summary:Strong Buy
Moving Averages:Strong BuyBuy (12)Sell (0)
Technical Indicators:Strong BuyBuy (10)Sell (0)
Pivot PointsAug 04, 2022 09:40AM GMT
Name
S3
S2
S1
Pivot Points
R1
R2
R3
Classic
1577.99
1581.07
1584.14
1587.22
1590.29
1593.37
1596.44
Fibonacci
1581.07
1583.42
1584.87
1587.22
1589.57
1591.02
1593.37
Camarilla
1585.51
1586.07
1586.64
1587.22
1587.76
1588.33
1588.89
Woodie's
1577.97
1581.06
1584.12
1587.21
1590.27
1593.36
1596.42
DeMark's
-
-
1582.60
1586.45
1588.75
-
-
Technical IndicatorsAug 04, 2022 09:40AM GMT
Name
Value
Action
RSI(14)
70.970
Buy
STOCH(9,6)
75.484
Buy
STOCHRSI(14)
63.226
Buy
MACD(12,26)
15.360
Buy
ADX(14)
37.860
Buy
Williams %R
-6.206
Overbought
CCI(14)
96.3450
Buy
ATR(14)
11.4321
High Volatility
Highs/Lows(14)
20.5964
Buy
Ultimate Oscillator
66.203
Buy
ROC
2.606
Buy
Bull/Bear Power(13)
29.1581
Buy
Buy: 10
Sell: 0
Neutral: 0


Summary:Strong Buy
Moving AveragesAug 04, 2022 09:40AM GMT
Period
Simple
Exponential
MA5
1590.43
Buy
1591.29
Buy
MA10
1584.62
Buy
1583.47
Buy
MA20
1565.80
Buy
1572.92
Buy
MA50
1544.20
Buy
1549.63
Buy
MA100
1519.84
Buy
1526.39
Buy
MA200
1495.46
Buy
1505.25
Buy
Buy: 12
Sell: 0


Summary:Strong Buy","Volume: 6,975,605
Bid/Ask: 1,598.75 / 1,598.85
Day's Range: 1,574.95 - 1,603.85"
2022-08-04 09:52:00.000044,"1,600.30 +34.20    +2.18%
05:51:42 - Real-time Data. Currency in INR ( Disclaimer )
Type:  Equity
Market:  India
ISIN:  INE009A01021
S/N:  INFY","Summary:Strong Buy
Moving Averages:Strong BuyBuy (12)Sell (0)
Technical Indicators:Strong BuyBuy (10)Sell (0)
Pivot PointsAug 04, 2022 09:50AM GMT
Name
S3
S2
S1
Pivot Points
R1
R2
R3
Classic
1577.99
1581.07
1584.14
1587.22
1590.29
1593.37
1596.44
Fibonacci
1581.07
1583.42
1584.87
1587.22
1589.57
1591.02
1593.37
Camarilla
1585.51
1586.07
1586.64
1587.22
1587.76
1588.33
1588.89
Woodie's
1577.97
1581.06
1584.12
1587.21
1590.27
1593.36
1596.42
DeMark's
-
-
1582.60
1586.45
1588.75
-
-
Technical IndicatorsAug 04, 2022 09:50AM GMT
Name
Value
Action
RSI(14)
70.583
Buy
STOCH(9,6)
75.035
Buy
STOCHRSI(14)
61.170
Buy
MACD(12,26)
15.270
Buy
ADX(14)
37.925
Buy
Williams %R
-8.333
Overbought
CCI(14)
96.3450
Buy
ATR(14)
11.5179
High Volatility
Highs/Lows(14)
19.3107
Buy
Ultimate Oscillator
64.648
Buy
ROC
2.529
Buy
Bull/Bear Power(13)
30.7000
Buy
Buy: 10
Sell: 0
Neutral: 0


Summary:Strong Buy
Moving AveragesAug 04, 2022 09:50AM GMT
Period
Simple
Exponential
MA5
1590.19
Buy
1590.89
Buy
MA10
1584.50
Buy
1583.26
Buy
MA20
1565.74
Buy
1572.81
Buy
MA50
1544.17
Buy
1549.58
Buy
MA100
1519.83
Buy
1526.36
Buy
MA200
1495.46
Buy
1505.23
Buy
Buy: 12
Sell: 0


Summary:Strong Buy","Volume: 7,069,461
Bid/Ask: 1,600.25 / 1,600.30
Day's Range: 1,574.95 - 1,603.85"
2022-08-04 09:54:00.000041,"1,600.85 +34.75    +2.22%
05:53:38 - Real-time Data. Currency in INR ( Disclaimer )
Type:  Equity
Market:  India
ISIN:  INE009A01021
S/N:  INFY","Summary:Strong Buy
Moving Averages:Strong BuyBuy (12)Sell (0)
Technical Indicators:Strong BuyBuy (10)Sell (0)
Pivot PointsAug 04, 2022 09:50AM GMT
Name
S3
S2
S1
Pivot Points
R1
R2
R3
Classic
1577.99
1581.07
1584.14
1587.22
1590.29
1593.37
1596.44
Fibonacci
1581.07
1583.42
1584.87
1587.22
1589.57
1591.02
1593.37
Camarilla
1585.51
1586.07
1586.64
1587.22
1587.76
1588.33
1588.89
Woodie's
1577.97
1581.06
1584.12
1587.21
1590.27
1593.36
1596.42
DeMark's
-
-
1582.60
1586.45
1588.75
-
-
Technical IndicatorsAug 04, 2022 09:50AM GMT
Name
Value
Action
RSI(14)
70.583
Buy
STOCH(9,6)
75.035
Buy
STOCHRSI(14)
61.170
Buy
MACD(12,26)
15.270
Buy
ADX(14)
37.925
Buy
Williams %R
-8.333
Overbought
CCI(14)
96.3450
Buy
ATR(14)
11.5179
High Volatility
Highs/Lows(14)
19.3107
Buy
Ultimate Oscillator
64.648
Buy
ROC
2.529
Buy
Bull/Bear Power(13)
30.7000
Buy
Buy: 10
Sell: 0
Neutral: 0


Summary:Strong Buy
Moving AveragesAug 04, 2022 09:50AM GMT
Period
Simple
Exponential
MA5
1590.19
Buy
1590.89
Buy
MA10
1584.50
Buy
1583.26
Buy
MA20
1565.74
Buy
1572.81
Buy
MA50
1544.17
Buy
1549.58
Buy
MA100
1519.83
Buy
1526.36
Buy
MA200
1495.46
Buy
1505.23
Buy
Buy: 12
Sell: 0


Summary:Strong Buy","Volume: 7,149,242
Bid/Ask: 1,600.85 / 1,600.95
Day's Range: 1,574.95 - 1,603.85"
2022-08-04 09:56:00.000041,"1,599.65 +33.55    +2.14%
05:55:28 - Real-time Data. Currency in INR ( Disclaimer )
Type:  Equity
Market:  India
ISIN:  INE009A01021
S/N:  INFY","Summary:Strong Buy
Moving Averages:Strong BuyBuy (12)Sell (0)
Technical Indicators:Strong BuyBuy (10)Sell (0)
Pivot PointsAug 04, 2022 09:50AM GMT
Name
S3
S2
S1
Pivot Points
R1
R2
R3
Classic
1577.99
1581.07
1584.14
1587.22
1590.29
1593.37
1596.44
Fibonacci
1581.07
1583.42
1584.87
1587.22
1589.57
1591.02
1593.37
Camarilla
1585.51
1586.07
1586.64
1587.22
1587.76
1588.33
1588.89
Woodie's
1577.97
1581.06
1584.12
1587.21
1590.27
1593.36
1596.42
DeMark's
-
-
1582.60
1586.45
1588.75
-
-
Technical IndicatorsAug 04, 2022 09:50AM GMT
Name
Value
Action
RSI(14)
70.583
Buy
STOCH(9,6)
75.035
Buy
STOCHRSI(14)
61.170
Buy
MACD(12,26)
15.270
Buy
ADX(14)
37.925
Buy
Williams %R
-8.333
Overbought
CCI(14)
96.3450
Buy
ATR(14)
11.5179
High Volatility
Highs/Lows(14)
19.3107
Buy
Ultimate Oscillator
64.648
Buy
ROC
2.529
Buy
Bull/Bear Power(13)
30.7000
Buy
Buy: 10
Sell: 0
Neutral: 0


Summary:Strong Buy
Moving AveragesAug 04, 2022 09:50AM GMT
Period
Simple
Exponential
MA5
1590.19
Buy
1590.89
Buy
MA10
1584.50
Buy
1583.26
Buy
MA20
1565.74
Buy
1572.81
Buy
MA50
1544.17
Buy
1549.58
Buy
MA100
1519.83
Buy
1526.36
Buy
MA200
1495.46
Buy
1505.23
Buy
Buy: 12
Sell: 0


Summary:Strong Buy","Volume: 7,231,623
Bid/Ask: 1,599.65 / 1,599.85
Day's Range: 1,574.95 - 1,603.85"
2022-08-04 09:58:00.000041,"1,600.00 +33.90    +2.16%
05:57:36 - Real-time Data. Currency in INR ( Disclaimer )
Type:  Equity
Market:  India
ISIN:  INE009A01021
S/N:  INFY","Summary:Strong Buy
Moving Averages:Strong BuyBuy (12)Sell (0)
Technical Indicators:Strong BuyBuy (10)Sell (0)
Pivot PointsAug 04, 2022 09:50AM GMT
Name
S3
S2
S1
Pivot Points
R1
R2
R3
Classic
1577.99
1581.07
1584.14
1587.22
1590.29
1593.37
1596.44
Fibonacci
1581.07
1583.42
1584.87
1587.22
1589.57
1591.02
1593.37
Camarilla
1585.51
1586.07
1586.64
1587.22
1587.76
1588.33
1588.89
Woodie's
1577.97
1581.06
1584.12
1587.21
1590.27
1593.36
1596.42
DeMark's
-
-
1582.60
1586.45
1588.75
-
-
Technical IndicatorsAug 04, 2022 09:50AM GMT
Name
Value
Action
RSI(14)
70.583
Buy
STOCH(9,6)
75.035
Buy
STOCHRSI(14)
61.170
Buy
MACD(12,26)
15.270
Buy
ADX(14)
37.925
Buy
Williams %R
-8.333
Overbought
CCI(14)
96.3450
Buy
ATR(14)
11.5179
High Volatility
Highs/Lows(14)
19.3107
Buy
Ultimate Oscillator
64.648
Buy
ROC
2.529
Buy
Bull/Bear Power(13)
30.7000
Buy
Buy: 10
Sell: 0
Neutral: 0


Summary:Strong Buy
Moving AveragesAug 04, 2022 09:50AM GMT
Period
Simple
Exponential
MA5
1590.19
Buy
1590.89
Buy
MA10
1584.50
Buy
1583.26
Buy
MA20
1565.74
Buy
1572.81
Buy
MA50
1544.17
Buy
1549.58
Buy
MA100
1519.83
Buy
1526.36
Buy
MA200
1495.46
Buy
1505.23
Buy
Buy: 12
Sell: 0


Summary:Strong Buy","Volume: 7,306,748
Bid/Ask: 1,599.95 / 1,600.00
Day's Range: 1,574.95 - 1,603.85"
2022-08-04 10:00:00.000044,"1,599.50 +33.40    +2.13%
05:59:38 - Real-time Data. Currency in INR ( Disclaimer )
Type:  Equity
Market:  India
ISIN:  INE009A01021
S/N:  INFY","Summary:Strong Buy
Moving Averages:Strong BuyBuy (12)Sell (0)
Technical Indicators:Strong BuyBuy (10)Sell (0)
Pivot PointsAug 04, 2022 09:50AM GMT
Name
S3
S2
S1
Pivot Points
R1
R2
R3
Classic
1577.99
1581.07
1584.14
1587.22
1590.29
1593.37
1596.44
Fibonacci
1581.07
1583.42
1584.87
1587.22
1589.57
1591.02
1593.37
Camarilla
1585.51
1586.07
1586.64
1587.22
1587.76
1588.33
1588.89
Woodie's
1577.97
1581.06
1584.12
1587.21
1590.27
1593.36
1596.42
DeMark's
-
-
1582.60
1586.45
1588.75
-
-
Technical IndicatorsAug 04, 2022 09:50AM GMT
Name
Value
Action
RSI(14)
70.583
Buy
STOCH(9,6)
75.035
Buy
STOCHRSI(14)
61.170
Buy
MACD(12,26)
15.270
Buy
ADX(14)
37.925
Buy
Williams %R
-8.333
Overbought
CCI(14)
96.3450
Buy
ATR(14)
11.5179
High Volatility
Highs/Lows(14)
19.3107
Buy
Ultimate Oscillator
64.648
Buy
ROC
2.529
Buy
Bull/Bear Power(13)
30.7000
Buy
Buy: 10
Sell: 0
Neutral: 0


Summary:Strong Buy
Moving AveragesAug 04, 2022 09:50AM GMT
Period
Simple
Exponential
MA5
1590.19
Buy
1590.89
Buy
MA10
1584.50
Buy
1583.26
Buy
MA20
1565.74
Buy
1572.81
Buy
MA50
1544.17
Buy
1549.58
Buy
MA100
1519.83
Buy
1526.36
Buy
MA200
1495.46
Buy
1505.23
Buy
Buy: 12
Sell: 0


Summary:Strong Buy","Volume: 7,394,454
Bid/Ask: 1,598.20 / 1,599.50
Day's Range: 1,574.95 - 1,603.85"
2022-08-04 10:02:00.000043,"1,599.90 +33.80    +2.16%
06:01:08 - Closed. Currency in INR ( Disclaimer )
Type:  Equity
Market:  India
ISIN:  INE009A01021
S/N:  INFY","Summary:Strong Buy
Moving Averages:Strong BuyBuy (12)Sell (0)
Technical Indicators:Strong BuyBuy (10)Sell (0)
Pivot PointsAug 04, 2022 10:00AM GMT
Name
S3
S2
S1
Pivot Points
R1
R2
R3
Classic
1577.99
1581.07
1584.14
1587.22
1590.29
1593.37
1596.44
Fibonacci
1581.07
1583.42
1584.87
1587.22
1589.57
1591.02
1593.37
Camarilla
1585.51
1586.07
1586.64
1587.22
1587.76
1588.33
1588.89
Woodie's
1577.97
1581.06
1584.12
1587.21
1590.27
1593.36
1596.42
DeMark's
-
-
1582.60
1586.45
1588.75
-
-
Technical IndicatorsAug 04, 2022 10:00AM GMT
Name
Value
Action
RSI(14)
70.858
Buy
STOCH(9,6)
75.353
Buy
STOCHRSI(14)
62.631
Buy
MACD(12,26)
15.330
Buy
ADX(14)
37.925
Buy
Williams %R
-6.826
Overbought
CCI(14)
97.3695
Buy
ATR(14)
11.5179
High Volatility
Highs/Lows(14)
20.1607
Buy
Ultimate Oscillator
65.309
Buy
ROC
2.584
Buy
Bull/Bear Power(13)
30.4580
Buy
Buy: 10
Sell: 0
Neutral: 0


Summary:Strong Buy
Moving AveragesAug 04, 2022 10:00AM GMT
Period
Simple
Exponential
MA5
1590.36
Buy
1591.18
Buy
MA10
1584.58
Buy
1583.41
Buy
MA20
1565.79
Buy
1572.89
Buy
MA50
1544.19
Buy
1549.61
Buy
MA100
1519.84
Buy
1526.38
Buy
MA200
1495.46
Buy
1505.24
Buy
Buy: 12
Sell: 0


Summary:Strong Buy","Volume: 7,400,954
Bid/Ask: 0.00 / 0.00
Day's Range: 1,574.95 - 1,603.85"
2022-08-04 10:04:00.000042,"1,599.90 +33.80    +2.16%
06:01:08 - Closed. Currency in INR ( Disclaimer )
Type:  Equity
Market:  India
ISIN:  INE009A01021
S/N:  INFY","Summary:Strong Buy
Moving Averages:Strong BuyBuy (12)Sell (0)
Technical Indicators:Strong BuyBuy (10)Sell (0)
Pivot PointsAug 04, 2022 10:00AM GMT
Name
S3
S2
S1
Pivot Points
R1
R2
R3
Classic
1577.99
1581.07
1584.14
1587.22
1590.29
1593.37
1596.44
Fibonacci
1581.07
1583.42
1584.87
1587.22
1589.57
1591.02
1593.37
Camarilla
1585.51
1586.07
1586.64
1587.22
1587.76
1588.33
1588.89
Woodie's
1577.97
1581.06
1584.12
1587.21
1590.27
1593.36
1596.42
DeMark's
-
-
1582.60
1586.45
1588.75
-
-
Technical IndicatorsAug 04, 2022 10:00AM GMT
Name
Value
Action
RSI(14)
70.858
Buy
STOCH(9,6)
75.353
Buy
STOCHRSI(14)
62.631
Buy
MACD(12,26)
15.330
Buy
ADX(14)
37.925
Buy
Williams %R
-6.826
Overbought
CCI(14)
97.3695
Buy
ATR(14)
11.5179
High Volatility
Highs/Lows(14)
20.1607
Buy
Ultimate Oscillator
65.309
Buy
ROC
2.584
Buy
Bull/Bear Power(13)
30.4580
Buy
Buy: 10
Sell: 0
Neutral: 0


Summary:Strong Buy
Moving AveragesAug 04, 2022 10:00AM GMT
Period
Simple
Exponential
MA5
1590.36
Buy
1591.18
Buy
MA10
1584.58
Buy
1583.41
Buy
MA20
1565.79
Buy
1572.89
Buy
MA50
1544.19
Buy
1549.61
Buy
MA100
1519.84
Buy
1526.38
Buy
MA200
1495.46
Buy
1505.24
Buy
Buy: 12
Sell: 0


Summary:Strong Buy","Volume: 7,400,954
Bid/Ask: 0.00 / 0.00
Day's Range: 1,574.95 - 1,603.85"
2022-08-04 10:06:00.000044,"1,599.90 +33.80    +2.16%
06:01:08 - Closed. Currency in INR ( Disclaimer )
Type:  Equity
Market:  India
ISIN:  INE009A01021
S/N:  INFY","Summary:Strong Buy
Moving Averages:Strong BuyBuy (12)Sell (0)
Technical Indicators:Strong BuyBuy (10)Sell (0)
Pivot PointsAug 04, 2022 10:00AM GMT
Name
S3
S2
S1
Pivot Points
R1
R2
R3
Classic
1577.99
1581.07
1584.14
1587.22
1590.29
1593.37
1596.44
Fibonacci
1581.07
1583.42
1584.87
1587.22
1589.57
1591.02
1593.37
Camarilla
1585.51
1586.07
1586.64
1587.22
1587.76
1588.33
1588.89
Woodie's
1577.97
1581.06
1584.12
1587.21
1590.27
1593.36
1596.42
DeMark's
-
-
1582.60
1586.45
1588.75
-
-
Technical IndicatorsAug 04, 2022 10:00AM GMT
Name
Value
Action
RSI(14)
70.858
Buy
STOCH(9,6)
75.353
Buy
STOCHRSI(14)
62.631
Buy
MACD(12,26)
15.330
Buy
ADX(14)
37.925
Buy
Williams %R
-6.826
Overbought
CCI(14)
97.3695
Buy
ATR(14)
11.5179
High Volatility
Highs/Lows(14)
20.1607
Buy
Ultimate Oscillator
65.309
Buy
ROC
2.584
Buy
Bull/Bear Power(13)
30.4580
Buy
Buy: 10
Sell: 0
Neutral: 0


Summary:Strong Buy
Moving AveragesAug 04, 2022 10:00AM GMT
Period
Simple
Exponential
MA5
1590.36
Buy
1591.18
Buy
MA10
1584.58
Buy
1583.41
Buy
MA20
1565.79
Buy
1572.89
Buy
MA50
1544.19
Buy
1549.61
Buy
MA100
1519.84
Buy
1526.38
Buy
MA200
1495.46
Buy
1505.24
Buy
Buy: 12
Sell: 0


Summary:Strong Buy","Volume: 7,400,954
Bid/Ask: 0.00 / 0.00
Day's Range: 1,574.95 - 1,603.85"
2022-08-04 10:08:00.000042,"1,599.90 +33.80    +2.16%
06:01:08 - Closed. Currency in INR ( Disclaimer )
Type:  Equity
Market:  India
ISIN:  INE009A01021
S/N:  INFY","Summary:Strong Buy
Moving Averages:Strong BuyBuy (12)Sell (0)
Technical Indicators:Strong BuyBuy (10)Sell (0)
Pivot PointsAug 04, 2022 10:00AM GMT
Name
S3
S2
S1
Pivot Points
R1
R2
R3
Classic
1577.99
1581.07
1584.14
1587.22
1590.29
1593.37
1596.44
Fibonacci
1581.07
1583.42
1584.87
1587.22
1589.57
1591.02
1593.37
Camarilla
1585.51
1586.07
1586.64
1587.22
1587.76
1588.33
1588.89
Woodie's
1577.97
1581.06
1584.12
1587.21
1590.27
1593.36
1596.42
DeMark's
-
-
1582.60
1586.45
1588.75
-
-
Technical IndicatorsAug 04, 2022 10:00AM GMT
Name
Value
Action
RSI(14)
70.858
Buy
STOCH(9,6)
75.353
Buy
STOCHRSI(14)
62.631
Buy
MACD(12,26)
15.330
Buy
ADX(14)
37.925
Buy
Williams %R
-6.826
Overbought
CCI(14)
97.3695
Buy
ATR(14)
11.5179
High Volatility
Highs/Lows(14)
20.1607
Buy
Ultimate Oscillator
65.309
Buy
ROC
2.584
Buy
Bull/Bear Power(13)
30.4580
Buy
Buy: 10
Sell: 0
Neutral: 0


Summary:Strong Buy
Moving AveragesAug 04, 2022 10:00AM GMT
Period
Simple
Exponential
MA5
1590.36
Buy
1591.18
Buy
MA10
1584.58
Buy
1583.41
Buy
MA20
1565.79
Buy
1572.89
Buy
MA50
1544.19
Buy
1549.61
Buy
MA100
1519.84
Buy
1526.38
Buy
MA200
1495.46
Buy
1505.24
Buy
Buy: 12
Sell: 0


Summary:Strong Buy","Volume: 7,400,954
Bid/Ask: 0.00 / 0.00
Day's Range: 1,574.95 - 1,603.85"
2022-08-04 10:10:00.000039,"1,599.90 +33.80    +2.16%
06:01:08 - Closed. Currency in INR ( Disclaimer )
Type:  Equity
Market:  India
ISIN:  INE009A01021
S/N:  INFY","Summary:Strong Buy
Moving Averages:Strong BuyBuy (12)Sell (0)
Technical Indicators:Strong BuyBuy (10)Sell (0)
Pivot PointsAug 04, 2022 10:00AM GMT
Name
S3
S2
S1
Pivot Points
R1
R2
R3
Classic
1577.99
1581.07
1584.14
1587.22
1590.29
1593.37
1596.44
Fibonacci
1581.07
1583.42
1584.87
1587.22
1589.57
1591.02
1593.37
Camarilla
1585.51
1586.07
1586.64
1587.22
1587.76
1588.33
1588.89
Woodie's
1577.97
1581.06
1584.12
1587.21
1590.27
1593.36
1596.42
DeMark's
-
-
1582.60
1586.45
1588.75
-
-
Technical IndicatorsAug 04, 2022 10:00AM GMT
Name
Value
Action
RSI(14)
70.858
Buy
STOCH(9,6)
75.353
Buy
STOCHRSI(14)
62.631
Buy
MACD(12,26)
15.330
Buy
ADX(14)
37.925
Buy
Williams %R
-6.826
Overbought
CCI(14)
97.3695
Buy
ATR(14)
11.5179
High Volatility
Highs/Lows(14)
20.1607
Buy
Ultimate Oscillator
65.309
Buy
ROC
2.584
Buy
Bull/Bear Power(13)
30.4580
Buy
Buy: 10
Sell: 0
Neutral: 0


Summary:Strong Buy
Moving AveragesAug 04, 2022 10:00AM GMT
Period
Simple
Exponential
MA5
1590.36
Buy
1591.18
Buy
MA10
1584.58
Buy
1583.41
Buy
MA20
1565.79
Buy
1572.89
Buy
MA50
1544.19
Buy
1549.61
Buy
MA100
1519.84
Buy
1526.38
Buy
MA200
1495.46
Buy
1505.24
Buy
Buy: 12
Sell: 0


Summary:Strong Buy","Volume: 7,400,954
Bid/Ask: 0.00 / 0.00
Day's Range: 1,574.95 - 1,603.85"
2022-08-04 10:12:00.000041,"1,599.90 +33.80    +2.16%
06:01:08 - Closed. Currency in INR ( Disclaimer )
Type:  Equity
Market:  India
ISIN:  INE009A01021
S/N:  INFY","Summary:Strong Buy
Moving Averages:Strong BuyBuy (12)Sell (0)
Technical Indicators:Strong BuyBuy (10)Sell (0)
Pivot PointsAug 04, 2022 10:10AM GMT
Name
S3
S2
S1
Pivot Points
R1
R2
R3
Classic
1576.16
1581.73
1590.86
1596.43
1605.56
1611.13
1620.26
Fibonacci
1581.73
1587.35
1590.81
1596.43
1602.05
1605.51
1611.13
Camarilla
1595.96
1597.31
1598.65
1596.43
1601.35
1602.69
1604.04
Woodie's
1577.96
1582.63
1592.66
1597.33
1607.36
1612.03
1622.06
DeMark's
-
-
1593.65
1597.83
1608.35
-
-
Technical IndicatorsAug 04, 2022 10:10AM GMT
Name
Value
Action
RSI(14)
70.774
Buy
STOCH(9,6)
76.136
Buy
STOCHRSI(14)
62.185
Buy
MACD(12,26)
15.400
Buy
ADX(14)
35.531
Buy
Williams %R
-7.123
Overbought
CCI(14)
97.6146
Buy
ATR(14)
10.6500
Less Volatility
Highs/Lows(14)
17.1357
Buy
Ultimate Oscillator
57.223
Buy
ROC
2.878
Buy
Bull/Bear Power(13)
35.5440
Buy
Buy: 10
Sell: 0
Neutral: 0


Summary:Strong Buy
Moving AveragesAug 04, 2022 10:10AM GMT
Period
Simple
Exponential
MA5
1592.74
Buy
1594.57
Buy
MA10
1588.34
Buy
1586.43
Buy
MA20
1569.06
Buy
1575.59
Buy
MA50
1546.80
Buy
1551.71
Buy
MA100
1521.08
Buy
1527.84
Buy
MA200
1496.16
Buy
1506.21
Buy
Buy: 12
Sell: 0


Summary:Strong Buy","Volume: 7,400,954
Bid/Ask: 0.00 / 0.00
Day's Range: 1,574.95 - 1,603.85"
2022-08-04 10:14:00.000041,"1,599.90 +33.80    +2.16%
06:01:08 - Closed. Currency in INR ( Disclaimer )
Type:  Equity
Market:  India
ISIN:  INE009A01021
S/N:  INFY","Summary:Strong Buy
Moving Averages:Strong BuyBuy (12)Sell (0)
Technical Indicators:Strong BuyBuy (10)Sell (0)
Pivot PointsAug 04, 2022 10:10AM GMT
Name
S3
S2
S1
Pivot Points
R1
R2
R3
Classic
1576.16
1581.73
1590.86
1596.43
1605.56
1611.13
1620.26
Fibonacci
1581.73
1587.35
1590.81
1596.43
1602.05
1605.51
1611.13
Camarilla
1595.96
1597.31
1598.65
1596.43
1601.35
1602.69
1604.04
Woodie's
1577.96
1582.63
1592.66
1597.33
1607.36
1612.03
1622.06
DeMark's
-
-
1593.65
1597.83
1608.35
-
-
Technical IndicatorsAug 04, 2022 10:10AM GMT
Name
Value
Action
RSI(14)
70.774
Buy
STOCH(9,6)
76.136
Buy
STOCHRSI(14)
62.185
Buy
MACD(12,26)
15.400
Buy
ADX(14)
35.531
Buy
Williams %R
-7.123
Overbought
CCI(14)
97.6146
Buy
ATR(14)
10.6500
Less Volatility
Highs/Lows(14)
17.1357
Buy
Ultimate Oscillator
57.223
Buy
ROC
2.878
Buy
Bull/Bear Power(13)
35.5440
Buy
Buy: 10
Sell: 0
Neutral: 0


Summary:Strong Buy
Moving AveragesAug 04, 2022 10:10AM GMT
Period
Simple
Exponential
MA5
1592.74
Buy
1594.57
Buy
MA10
1588.34
Buy
1586.43
Buy
MA20
1569.06
Buy
1575.59
Buy
MA50
1546.80
Buy
1551.71
Buy
MA100
1521.08
Buy
1527.84
Buy
MA200
1496.16
Buy
1506.21
Buy
Buy: 12
Sell: 0


Summary:Strong Buy","Volume: 7,400,954
Bid/Ask: 0.00 / 0.00
Day's Range: 1,574.95 - 1,603.85"
2022-08-04 10:16:00.000042,"1,599.90 +33.80    +2.16%
06:01:08 - Closed. Currency in INR ( Disclaimer )
Type:  Equity
Market:  India
ISIN:  INE009A01021
S/N:  INFY","Summary:Strong Buy
Moving Averages:Strong BuyBuy (12)Sell (0)
Technical Indicators:Strong BuyBuy (10)Sell (0)
Pivot PointsAug 04, 2022 10:10AM GMT
Name
S3
S2
S1
Pivot Points
R1
R2
R3
Classic
1576.16
1581.73
1590.86
1596.43
1605.56
1611.13
1620.26
Fibonacci
1581.73
1587.35
1590.81
1596.43
1602.05
1605.51
1611.13
Camarilla
1595.96
1597.31
1598.65
1596.43
1601.35
1602.69
1604.04
Woodie's
1577.96
1582.63
1592.66
1597.33
1607.36
1612.03
1622.06
DeMark's
-
-
1593.65
1597.83
1608.35
-
-
Technical IndicatorsAug 04, 2022 10:10AM GMT
Name
Value
Action
RSI(14)
70.774
Buy
STOCH(9,6)
76.136
Buy
STOCHRSI(14)
62.185
Buy
MACD(12,26)
15.400
Buy
ADX(14)
35.531
Buy
Williams %R
-7.123
Overbought
CCI(14)
97.6146
Buy
ATR(14)
10.6500
Less Volatility
Highs/Lows(14)
17.1357
Buy
Ultimate Oscillator
57.223
Buy
ROC
2.878
Buy
Bull/Bear Power(13)
35.5440
Buy
Buy: 10
Sell: 0
Neutral: 0


Summary:Strong Buy
Moving AveragesAug 04, 2022 10:10AM GMT
Period
Simple
Exponential
MA5
1592.74
Buy
1594.57
Buy
MA10
1588.34
Buy
1586.43
Buy
MA20
1569.06
Buy
1575.59
Buy
MA50
1546.80
Buy
1551.71
Buy
MA100
1521.08
Buy
1527.84
Buy
MA200
1496.16
Buy
1506.21
Buy
Buy: 12
Sell: 0


Summary:Strong Buy","Volume: 7,400,954
Bid/Ask: 0.00 / 0.00
Day's Range: 1,574.95 - 1,603.85"
2022-08-04 10:18:00.000041,"1,599.90 +33.80    +2.16%
06:01:08 - Closed. Currency in INR ( Disclaimer )
Type:  Equity
Market:  India
ISIN:  INE009A01021
S/N:  INFY","Summary:Strong Buy
Moving Averages:Strong BuyBuy (12)Sell (0)
Technical Indicators:Strong BuyBuy (10)Sell (0)
Pivot PointsAug 04, 2022 10:10AM GMT
Name
S3
S2
S1
Pivot Points
R1
R2
R3
Classic
1576.16
1581.73
1590.86
1596.43
1605.56
1611.13
1620.26
Fibonacci
1581.73
1587.35
1590.81
1596.43
1602.05
1605.51
1611.13
Camarilla
1595.96
1597.31
1598.65
1596.43
1601.35
1602.69
1604.04
Woodie's
1577.96
1582.63
1592.66
1597.33
1607.36
1612.03
1622.06
DeMark's
-
-
1593.65
1597.83
1608.35
-
-
Technical IndicatorsAug 04, 2022 10:10AM GMT
Name
Value
Action
RSI(14)
70.774
Buy
STOCH(9,6)
76.136
Buy
STOCHRSI(14)
62.185
Buy
MACD(12,26)
15.400
Buy
ADX(14)
35.531
Buy
Williams %R
-7.123
Overbought
CCI(14)
97.6146
Buy
ATR(14)
10.6500
Less Volatility
Highs/Lows(14)
17.1357
Buy
Ultimate Oscillator
57.223
Buy
ROC
2.878
Buy
Bull/Bear Power(13)
35.5440
Buy
Buy: 10
Sell: 0
Neutral: 0


Summary:Strong Buy
Moving AveragesAug 04, 2022 10:10AM GMT
Period
Simple
Exponential
MA5
1592.74
Buy
1594.57
Buy
MA10
1588.34
Buy
1586.43
Buy
MA20
1569.06
Buy
1575.59
Buy
MA50
1546.80
Buy
1551.71
Buy
MA100
1521.08
Buy
1527.84
Buy
MA200
1496.16
Buy
1506.21
Buy
Buy: 12
Sell: 0


Summary:Strong Buy","Volume: 7,400,954
Bid/Ask: 0.00 / 0.00
Day's Range: 1,574.95 - 1,603.85"
2022-08-04 10:20:00.000042,"1,599.90 +33.80    +2.16%
06:01:08 - Closed. Currency in INR ( Disclaimer )
Type:  Equity
Market:  India
ISIN:  INE009A01021
S/N:  INFY","Summary:Strong Buy
Moving Averages:Strong BuyBuy (12)Sell (0)
Technical Indicators:Strong BuyBuy (10)Sell (0)
Pivot PointsAug 04, 2022 10:10AM GMT
Name
S3
S2
S1
Pivot Points
R1
R2
R3
Classic
1576.16
1581.73
1590.86
1596.43
1605.56
1611.13
1620.26
Fibonacci
1581.73
1587.35
1590.81
1596.43
1602.05
1605.51
1611.13
Camarilla
1595.96
1597.31
1598.65
1596.43
1601.35
1602.69
1604.04
Woodie's
1577.96
1582.63
1592.66
1597.33
1607.36
1612.03
1622.06
DeMark's
-
-
1593.65
1597.83
1608.35
-
-
Technical IndicatorsAug 04, 2022 10:10AM GMT
Name
Value
Action
RSI(14)
70.774
Buy
STOCH(9,6)
76.136
Buy
STOCHRSI(14)
62.185
Buy
MACD(12,26)
15.400
Buy
ADX(14)
35.531
Buy
Williams %R
-7.123
Overbought
CCI(14)
97.6146
Buy
ATR(14)
10.6500
Less Volatility
Highs/Lows(14)
17.1357
Buy
Ultimate Oscillator
57.223
Buy
ROC
2.878
Buy
Bull/Bear Power(13)
35.5440
Buy
Buy: 10
Sell: 0
Neutral: 0


Summary:Strong Buy
Moving AveragesAug 04, 2022 10:10AM GMT
Period
Simple
Exponential
MA5
1592.74
Buy
1594.57
Buy
MA10
1588.34
Buy
1586.43
Buy
MA20
1569.06
Buy
1575.59
Buy
MA50
1546.80
Buy
1551.71
Buy
MA100
1521.08
Buy
1527.84
Buy
MA200
1496.16
Buy
1506.21
Buy
Buy: 12
Sell: 0


Summary:Strong Buy","Volume: 7,400,954
Bid/Ask: 0.00 / 0.00
Day's Range: 1,574.95 - 1,603.85"
