utc_time,current_values,hr1_tech_content,secondary_data
2022-05-04 04:20:00.000078,"2,189.20 -41.30    -1.85%
00:19:39 - Real-time Data. Currency in INR ( Disclaimer )
Type:  Equity
Market:  India
ISIN:  INE030A01027
S/N:  HINDUNILVR","Summary:Strong Sell
Moving Averages:SellBuy (5)Sell (7)
Technical Indicators:Strong SellBuy (1)Sell (8)
Pivot PointsMay 04, 2022 04:10AM GMT
Name
S3
S2
S1
Pivot Points
R1
R2
R3
Classic
2148.94
2177.47
2191.89
2220.42
2234.84
2263.37
2277.79
Fibonacci
2177.47
2193.88
2204.01
2220.42
2236.83
2246.96
2263.37
Camarilla
2194.49
2198.43
2202.36
2220.42
2210.24
2214.17
2218.11
Woodie's
2141.88
2173.94
2184.83
2216.89
2227.78
2259.84
2270.73
DeMark's
-
-
2184.68
2216.81
2227.62
-
-
Technical IndicatorsMay 04, 2022 04:10AM GMT
Name
Value
Action
RSI(14)
42.681
Sell
STOCH(9,6)
35.027
Sell
STOCHRSI(14)
0.000
Oversold
MACD(12,26)
9.550
Buy
ADX(14)
21.988
Sell
Williams %R
-96.573
Oversold
CCI(14)
-163.7803
Sell
ATR(14)
21.8929
Less Volatility
Highs/Lows(14)
-33.5963
Sell
Ultimate Oscillator
31.961
Sell
ROC
-2.959
Sell
Bull/Bear Power(13)
-49.2979
Sell
Buy: 1
Sell: 8
Neutral: 0


Summary:Strong Sell
Moving AveragesMay 04, 2022 04:10AM GMT
Period
Simple
Exponential
MA5
2217.50
Sell
2214.13
Sell
MA10
2225.72
Sell
2224.99
Sell
MA20
2239.54
Sell
2221.05
Sell
MA50
2179.23
Buy
2199.74
Sell
MA100
2170.39
Buy
2171.08
Buy
MA200
2123.93
Buy
2150.87
Buy
Buy: 5
Sell: 7


Summary:Sell","Volume: 285,158
Bid/Ask: 2,188.25 / 2,189.20
Day's Range: 2,188.00 - 2,250.85"
2022-05-04 04:22:00.000052,"2,187.00 -43.50    -1.95%
00:21:44 - Real-time Data. Currency in INR ( Disclaimer )
Type:  Equity
Market:  India
ISIN:  INE030A01027
S/N:  HINDUNILVR","Summary:Strong Sell
Moving Averages:SellBuy (5)Sell (7)
Technical Indicators:Strong SellBuy (1)Sell (8)
Pivot PointsMay 04, 2022 04:20AM GMT
Name
S3
S2
S1
Pivot Points
R1
R2
R3
Classic
2148.94
2177.47
2191.89
2220.42
2234.84
2263.37
2277.79
Fibonacci
2177.47
2193.88
2204.01
2220.42
2236.83
2246.96
2263.37
Camarilla
2194.49
2198.43
2202.36
2220.42
2210.24
2214.17
2218.11
Woodie's
2141.88
2173.94
2184.83
2216.89
2227.78
2259.84
2270.73
DeMark's
-
-
2184.68
2216.81
2227.62
-
-
Technical IndicatorsMay 04, 2022 04:20AM GMT
Name
Value
Action
RSI(14)
41.227
Sell
STOCH(9,6)
36.928
Sell
STOCHRSI(14)
0.000
Oversold
MACD(12,26)
9.100
Buy
ADX(14)
22.129
Sell
Williams %R
-98.330
Oversold
CCI(14)
-173.7162
Sell
ATR(14)
22.1822
Less Volatility
Highs/Lows(14)
-39.0072
Sell
Ultimate Oscillator
30.464
Sell
ROC
-3.211
Sell
Bull/Bear Power(13)
-51.7200
Sell
Buy: 1
Sell: 8
Neutral: 0


Summary:Strong Sell
Moving AveragesMay 04, 2022 04:20AM GMT
Period
Simple
Exponential
MA5
2216.36
Sell
2212.23
Sell
MA10
2225.15
Sell
2223.96
Sell
MA20
2239.26
Sell
2220.51
Sell
MA50
2179.12
Buy
2199.52
Sell
MA100
2170.33
Buy
2170.97
Buy
MA200
2123.90
Buy
2150.82
Buy
Buy: 5
Sell: 7


Summary:Sell","Volume: 294,315
Bid/Ask: 2,187.00 / 2,187.20
Day's Range: 2,186.50 - 2,250.85"
2022-05-04 04:24:00.000060,"2,189.80 -40.70    -1.82%
00:23:41 - Real-time Data. Currency in INR ( Disclaimer )
Type:  Equity
Market:  India
ISIN:  INE030A01027
S/N:  HINDUNILVR","Summary:Strong Sell
Moving Averages:SellBuy (5)Sell (7)
Technical Indicators:Strong SellBuy (1)Sell (8)
Pivot PointsMay 04, 2022 04:20AM GMT
Name
S3
S2
S1
Pivot Points
R1
R2
R3
Classic
2148.94
2177.47
2191.89
2220.42
2234.84
2263.37
2277.79
Fibonacci
2177.47
2193.88
2204.01
2220.42
2236.83
2246.96
2263.37
Camarilla
2194.49
2198.43
2202.36
2220.42
2210.24
2214.17
2218.11
Woodie's
2141.88
2173.94
2184.83
2216.89
2227.78
2259.84
2270.73
DeMark's
-
-
2184.68
2216.81
2227.62
-
-
Technical IndicatorsMay 04, 2022 04:20AM GMT
Name
Value
Action
RSI(14)
41.227
Sell
STOCH(9,6)
36.928
Sell
STOCHRSI(14)
0.000
Oversold
MACD(12,26)
9.100
Buy
ADX(14)
22.129
Sell
Williams %R
-98.330
Oversold
CCI(14)
-173.7162
Sell
ATR(14)
22.1822
Less Volatility
Highs/Lows(14)
-39.0072
Sell
Ultimate Oscillator
30.464
Sell
ROC
-3.211
Sell
Bull/Bear Power(13)
-51.7200
Sell
Buy: 1
Sell: 8
Neutral: 0


Summary:Strong Sell
Moving AveragesMay 04, 2022 04:20AM GMT
Period
Simple
Exponential
MA5
2216.36
Sell
2212.23
Sell
MA10
2225.15
Sell
2223.96
Sell
MA20
2239.26
Sell
2220.51
Sell
MA50
2179.12
Buy
2199.52
Sell
MA100
2170.33
Buy
2170.97
Buy
MA200
2123.90
Buy
2150.82
Buy
Buy: 5
Sell: 7


Summary:Sell","Volume: 300,996
Bid/Ask: 2,189.80 / 2,190.00
Day's Range: 2,185.80 - 2,250.85"
2022-05-04 04:26:00.000054,"2,194.95 -35.55    -1.59%
00:25:40 - Real-time Data. Currency in INR ( Disclaimer )
Type:  Equity
Market:  India
ISIN:  INE030A01027
S/N:  HINDUNILVR","Summary:Strong Sell
Moving Averages:SellBuy (5)Sell (7)
Technical Indicators:Strong SellBuy (1)Sell (8)
Pivot PointsMay 04, 2022 04:20AM GMT
Name
S3
S2
S1
Pivot Points
R1
R2
R3
Classic
2148.94
2177.47
2191.89
2220.42
2234.84
2263.37
2277.79
Fibonacci
2177.47
2193.88
2204.01
2220.42
2236.83
2246.96
2263.37
Camarilla
2194.49
2198.43
2202.36
2220.42
2210.24
2214.17
2218.11
Woodie's
2141.88
2173.94
2184.83
2216.89
2227.78
2259.84
2270.73
DeMark's
-
-
2184.68
2216.81
2227.62
-
-
Technical IndicatorsMay 04, 2022 04:20AM GMT
Name
Value
Action
RSI(14)
41.227
Sell
STOCH(9,6)
36.928
Sell
STOCHRSI(14)
0.000
Oversold
MACD(12,26)
9.100
Buy
ADX(14)
22.129
Sell
Williams %R
-98.330
Oversold
CCI(14)
-173.7162
Sell
ATR(14)
22.1822
Less Volatility
Highs/Lows(14)
-39.0072
Sell
Ultimate Oscillator
30.464
Sell
ROC
-3.211
Sell
Bull/Bear Power(13)
-51.7200
Sell
Buy: 1
Sell: 8
Neutral: 0


Summary:Strong Sell
Moving AveragesMay 04, 2022 04:20AM GMT
Period
Simple
Exponential
MA5
2216.36
Sell
2212.23
Sell
MA10
2225.15
Sell
2223.96
Sell
MA20
2239.26
Sell
2220.51
Sell
MA50
2179.12
Buy
2199.52
Sell
MA100
2170.33
Buy
2170.97
Buy
MA200
2123.90
Buy
2150.82
Buy
Buy: 5
Sell: 7


Summary:Sell","Volume: 312,882
Bid/Ask: 2,194.40 / 2,194.95
Day's Range: 2,185.80 - 2,250.85"
2022-05-04 04:28:00.000064,"2,196.35 -34.15    -1.53%
00:27:40 - Real-time Data. Currency in INR ( Disclaimer )
Type:  Equity
Market:  India
ISIN:  INE030A01027
S/N:  HINDUNILVR","Summary:Strong Sell
Moving Averages:SellBuy (5)Sell (7)
Technical Indicators:Strong SellBuy (1)Sell (8)
Pivot PointsMay 04, 2022 04:20AM GMT
Name
S3
S2
S1
Pivot Points
R1
R2
R3
Classic
2148.94
2177.47
2191.89
2220.42
2234.84
2263.37
2277.79
Fibonacci
2177.47
2193.88
2204.01
2220.42
2236.83
2246.96
2263.37
Camarilla
2194.49
2198.43
2202.36
2220.42
2210.24
2214.17
2218.11
Woodie's
2141.88
2173.94
2184.83
2216.89
2227.78
2259.84
2270.73
DeMark's
-
-
2184.68
2216.81
2227.62
-
-
Technical IndicatorsMay 04, 2022 04:20AM GMT
Name
Value
Action
RSI(14)
41.227
Sell
STOCH(9,6)
36.928
Sell
STOCHRSI(14)
0.000
Oversold
MACD(12,26)
9.100
Buy
ADX(14)
22.129
Sell
Williams %R
-98.330
Oversold
CCI(14)
-173.7162
Sell
ATR(14)
22.1822
Less Volatility
Highs/Lows(14)
-39.0072
Sell
Ultimate Oscillator
30.464
Sell
ROC
-3.211
Sell
Bull/Bear Power(13)
-51.7200
Sell
Buy: 1
Sell: 8
Neutral: 0


Summary:Strong Sell
Moving AveragesMay 04, 2022 04:20AM GMT
Period
Simple
Exponential
MA5
2216.36
Sell
2212.23
Sell
MA10
2225.15
Sell
2223.96
Sell
MA20
2239.26
Sell
2220.51
Sell
MA50
2179.12
Buy
2199.52
Sell
MA100
2170.33
Buy
2170.97
Buy
MA200
2123.90
Buy
2150.82
Buy
Buy: 5
Sell: 7


Summary:Sell","Volume: 321,091
Bid/Ask: 2,196.35 / 2,196.65
Day's Range: 2,185.80 - 2,250.85"
2022-05-04 04:30:00.000053,"2,196.65 -33.85    -1.52%
00:29:40 - Real-time Data. Currency in INR ( Disclaimer )
Type:  Equity
Market:  India
ISIN:  INE030A01027
S/N:  HINDUNILVR","Summary:Strong Sell
Moving Averages:SellBuy (5)Sell (7)
Technical Indicators:Strong SellBuy (1)Sell (8)
Pivot PointsMay 04, 2022 04:20AM GMT
Name
S3
S2
S1
Pivot Points
R1
R2
R3
Classic
2148.94
2177.47
2191.89
2220.42
2234.84
2263.37
2277.79
Fibonacci
2177.47
2193.88
2204.01
2220.42
2236.83
2246.96
2263.37
Camarilla
2194.49
2198.43
2202.36
2220.42
2210.24
2214.17
2218.11
Woodie's
2141.88
2173.94
2184.83
2216.89
2227.78
2259.84
2270.73
DeMark's
-
-
2184.68
2216.81
2227.62
-
-
Technical IndicatorsMay 04, 2022 04:20AM GMT
Name
Value
Action
RSI(14)
41.227
Sell
STOCH(9,6)
36.928
Sell
STOCHRSI(14)
0.000
Oversold
MACD(12,26)
9.100
Buy
ADX(14)
22.129
Sell
Williams %R
-98.330
Oversold
CCI(14)
-173.7162
Sell
ATR(14)
22.1822
Less Volatility
Highs/Lows(14)
-39.0072
Sell
Ultimate Oscillator
30.464
Sell
ROC
-3.211
Sell
Bull/Bear Power(13)
-51.7200
Sell
Buy: 1
Sell: 8
Neutral: 0


Summary:Strong Sell
Moving AveragesMay 04, 2022 04:20AM GMT
Period
Simple
Exponential
MA5
2216.36
Sell
2212.23
Sell
MA10
2225.15
Sell
2223.96
Sell
MA20
2239.26
Sell
2220.51
Sell
MA50
2179.12
Buy
2199.52
Sell
MA100
2170.33
Buy
2170.97
Buy
MA200
2123.90
Buy
2150.82
Buy
Buy: 5
Sell: 7


Summary:Sell","Volume: 325,477
Bid/Ask: 2,196.40 / 2,196.65
Day's Range: 2,185.80 - 2,250.85"
2022-05-04 04:32:00.000049,"2,199.50 -31.00    -1.39%
00:31:40 - Real-time Data. Currency in INR ( Disclaimer )
Type:  Equity
Market:  India
ISIN:  INE030A01027
S/N:  HINDUNILVR","Summary:Strong Sell
Moving Averages:SellBuy (5)Sell (7)
Technical Indicators:Strong SellBuy (1)Sell (8)
Pivot PointsMay 04, 2022 04:30AM GMT
Name
S3
S2
S1
Pivot Points
R1
R2
R3
Classic
2148.94
2177.47
2191.89
2220.42
2234.84
2263.37
2277.79
Fibonacci
2177.47
2193.88
2204.01
2220.42
2236.83
2246.96
2263.37
Camarilla
2194.49
2198.43
2202.36
2220.42
2210.24
2214.17
2218.11
Woodie's
2141.88
2173.94
2184.83
2216.89
2227.78
2259.84
2270.73
DeMark's
-
-
2184.68
2216.81
2227.62
-
-
Technical IndicatorsMay 04, 2022 04:30AM GMT
Name
Value
Action
RSI(14)
43.420
Sell
STOCH(9,6)
40.729
Sell
STOCHRSI(14)
0.000
Oversold
MACD(12,26)
9.770
Buy
ADX(14)
22.183
Sell
Williams %R
-88.210
Oversold
CCI(14)
-167.2743
Sell
ATR(14)
22.3322
Less Volatility
Highs/Lows(14)
-30.4071
Sell
Ultimate Oscillator
35.796
Sell
ROC
-2.838
Sell
Bull/Bear Power(13)
-56.2338
Sell
Buy: 1
Sell: 8
Neutral: 0


Summary:Strong Sell
Moving AveragesMay 04, 2022 04:30AM GMT
Period
Simple
Exponential
MA5
2218.05
Sell
2215.05
Sell
MA10
2225.99
Sell
2225.49
Sell
MA20
2239.68
Sell
2221.32
Sell
MA50
2179.29
Buy
2199.85
Sell
MA100
2170.42
Buy
2171.13
Buy
MA200
2123.94
Buy
2150.90
Buy
Buy: 5
Sell: 7


Summary:Sell","Volume: 337,965
Bid/Ask: 2,198.40 / 2,199.65
Day's Range: 2,185.80 - 2,250.85"
2022-05-04 04:34:00.000052,"2,195.00 -35.50    -1.59%
00:33:40 - Real-time Data. Currency in INR ( Disclaimer )
Type:  Equity
Market:  India
ISIN:  INE030A01027
S/N:  HINDUNILVR","Summary:Strong Sell
Moving Averages:SellBuy (5)Sell (7)
Technical Indicators:Strong SellBuy (1)Sell (8)
Pivot PointsMay 04, 2022 04:30AM GMT
Name
S3
S2
S1
Pivot Points
R1
R2
R3
Classic
2148.94
2177.47
2191.89
2220.42
2234.84
2263.37
2277.79
Fibonacci
2177.47
2193.88
2204.01
2220.42
2236.83
2246.96
2263.37
Camarilla
2194.49
2198.43
2202.36
2220.42
2210.24
2214.17
2218.11
Woodie's
2141.88
2173.94
2184.83
2216.89
2227.78
2259.84
2270.73
DeMark's
-
-
2184.68
2216.81
2227.62
-
-
Technical IndicatorsMay 04, 2022 04:30AM GMT
Name
Value
Action
RSI(14)
43.420
Sell
STOCH(9,6)
40.729
Sell
STOCHRSI(14)
0.000
Oversold
MACD(12,26)
9.770
Buy
ADX(14)
22.183
Sell
Williams %R
-88.210
Oversold
CCI(14)
-167.2743
Sell
ATR(14)
22.3322
Less Volatility
Highs/Lows(14)
-30.4071
Sell
Ultimate Oscillator
35.796
Sell
ROC
-2.838
Sell
Bull/Bear Power(13)
-56.2338
Sell
Buy: 1
Sell: 8
Neutral: 0


Summary:Strong Sell
Moving AveragesMay 04, 2022 04:30AM GMT
Period
Simple
Exponential
MA5
2218.05
Sell
2215.05
Sell
MA10
2225.99
Sell
2225.49
Sell
MA20
2239.68
Sell
2221.32
Sell
MA50
2179.29
Buy
2199.85
Sell
MA100
2170.42
Buy
2171.13
Buy
MA200
2123.94
Buy
2150.90
Buy
Buy: 5
Sell: 7


Summary:Sell","Volume: 342,352
Bid/Ask: 2,195.00 / 2,195.80
Day's Range: 2,185.80 - 2,250.85"
2022-05-04 04:36:00.000052,"2,196.00 -34.50    -1.55%
00:35:40 - Real-time Data. Currency in INR ( Disclaimer )
Type:  Equity
Market:  India
ISIN:  INE030A01027
S/N:  HINDUNILVR","Summary:Strong Sell
Moving Averages:SellBuy (5)Sell (7)
Technical Indicators:Strong SellBuy (1)Sell (8)
Pivot PointsMay 04, 2022 04:30AM GMT
Name
S3
S2
S1
Pivot Points
R1
R2
R3
Classic
2148.94
2177.47
2191.89
2220.42
2234.84
2263.37
2277.79
Fibonacci
2177.47
2193.88
2204.01
2220.42
2236.83
2246.96
2263.37
Camarilla
2194.49
2198.43
2202.36
2220.42
2210.24
2214.17
2218.11
Woodie's
2141.88
2173.94
2184.83
2216.89
2227.78
2259.84
2270.73
DeMark's
-
-
2184.68
2216.81
2227.62
-
-
Technical IndicatorsMay 04, 2022 04:30AM GMT
Name
Value
Action
RSI(14)
43.420
Sell
STOCH(9,6)
40.729
Sell
STOCHRSI(14)
0.000
Oversold
MACD(12,26)
9.770
Buy
ADX(14)
22.183
Sell
Williams %R
-88.210
Oversold
CCI(14)
-167.2743
Sell
ATR(14)
22.3322
Less Volatility
Highs/Lows(14)
-30.4071
Sell
Ultimate Oscillator
35.796
Sell
ROC
-2.838
Sell
Bull/Bear Power(13)
-56.2338
Sell
Buy: 1
Sell: 8
Neutral: 0


Summary:Strong Sell
Moving AveragesMay 04, 2022 04:30AM GMT
Period
Simple
Exponential
MA5
2218.05
Sell
2215.05
Sell
MA10
2225.99
Sell
2225.49
Sell
MA20
2239.68
Sell
2221.32
Sell
MA50
2179.29
Buy
2199.85
Sell
MA100
2170.42
Buy
2171.13
Buy
MA200
2123.94
Buy
2150.90
Buy
Buy: 5
Sell: 7


Summary:Sell","Volume: 350,449
Bid/Ask: 2,195.80 / 2,196.00
Day's Range: 2,185.80 - 2,250.85"
2022-05-04 04:38:00.000048,"2,199.75 -30.75    -1.38%
00:37:36 - Real-time Data. Currency in INR ( Disclaimer )
Type:  Equity
Market:  India
ISIN:  INE030A01027
S/N:  HINDUNILVR","Summary:Strong Sell
Moving Averages:SellBuy (5)Sell (7)
Technical Indicators:Strong SellBuy (1)Sell (8)
Pivot PointsMay 04, 2022 04:30AM GMT
Name
S3
S2
S1
Pivot Points
R1
R2
R3
Classic
2148.94
2177.47
2191.89
2220.42
2234.84
2263.37
2277.79
Fibonacci
2177.47
2193.88
2204.01
2220.42
2236.83
2246.96
2263.37
Camarilla
2194.49
2198.43
2202.36
2220.42
2210.24
2214.17
2218.11
Woodie's
2141.88
2173.94
2184.83
2216.89
2227.78
2259.84
2270.73
DeMark's
-
-
2184.68
2216.81
2227.62
-
-
Technical IndicatorsMay 04, 2022 04:30AM GMT
Name
Value
Action
RSI(14)
43.420
Sell
STOCH(9,6)
40.729
Sell
STOCHRSI(14)
0.000
Oversold
MACD(12,26)
9.770
Buy
ADX(14)
22.183
Sell
Williams %R
-88.210
Oversold
CCI(14)
-167.2743
Sell
ATR(14)
22.3322
Less Volatility
Highs/Lows(14)
-30.4071
Sell
Ultimate Oscillator
35.796
Sell
ROC
-2.838
Sell
Bull/Bear Power(13)
-56.2338
Sell
Buy: 1
Sell: 8
Neutral: 0


Summary:Strong Sell
Moving AveragesMay 04, 2022 04:30AM GMT
Period
Simple
Exponential
MA5
2218.05
Sell
2215.05
Sell
MA10
2225.99
Sell
2225.49
Sell
MA20
2239.68
Sell
2221.32
Sell
MA50
2179.29
Buy
2199.85
Sell
MA100
2170.42
Buy
2171.13
Buy
MA200
2123.94
Buy
2150.90
Buy
Buy: 5
Sell: 7


Summary:Sell","Volume: 354,742
Bid/Ask: 2,199.00 / 2,199.75
Day's Range: 2,185.80 - 2,250.85"
2022-05-04 04:40:00.000060,"2,201.75 -28.75    -1.29%
00:39:41 - Real-time Data. Currency in INR ( Disclaimer )
Type:  Equity
Market:  India
ISIN:  INE030A01027
S/N:  HINDUNILVR","Summary:Strong Sell
Moving Averages:SellBuy (5)Sell (7)
Technical Indicators:Strong SellBuy (1)Sell (8)
Pivot PointsMay 04, 2022 04:30AM GMT
Name
S3
S2
S1
Pivot Points
R1
R2
R3
Classic
2148.94
2177.47
2191.89
2220.42
2234.84
2263.37
2277.79
Fibonacci
2177.47
2193.88
2204.01
2220.42
2236.83
2246.96
2263.37
Camarilla
2194.49
2198.43
2202.36
2220.42
2210.24
2214.17
2218.11
Woodie's
2141.88
2173.94
2184.83
2216.89
2227.78
2259.84
2270.73
DeMark's
-
-
2184.68
2216.81
2227.62
-
-
Technical IndicatorsMay 04, 2022 04:30AM GMT
Name
Value
Action
RSI(14)
43.420
Sell
STOCH(9,6)
40.729
Sell
STOCHRSI(14)
0.000
Oversold
MACD(12,26)
9.770
Buy
ADX(14)
22.183
Sell
Williams %R
-88.210
Oversold
CCI(14)
-167.2743
Sell
ATR(14)
22.3322
Less Volatility
Highs/Lows(14)
-30.4071
Sell
Ultimate Oscillator
35.796
Sell
ROC
-2.838
Sell
Bull/Bear Power(13)
-56.2338
Sell
Buy: 1
Sell: 8
Neutral: 0


Summary:Strong Sell
Moving AveragesMay 04, 2022 04:30AM GMT
Period
Simple
Exponential
MA5
2218.05
Sell
2215.05
Sell
MA10
2225.99
Sell
2225.49
Sell
MA20
2239.68
Sell
2221.32
Sell
MA50
2179.29
Buy
2199.85
Sell
MA100
2170.42
Buy
2171.13
Buy
MA200
2123.94
Buy
2150.90
Buy
Buy: 5
Sell: 7


Summary:Sell","Volume: 363,797
Bid/Ask: 2,201.65 / 2,201.75
Day's Range: 2,185.80 - 2,250.85"
2022-05-04 04:42:00.000052,"2,202.45 -28.05    -1.26%
00:41:40 - Real-time Data. Currency in INR ( Disclaimer )
Type:  Equity
Market:  India
ISIN:  INE030A01027
S/N:  HINDUNILVR","Summary:Sell
Moving Averages:NeutralBuy (6)Sell (6)
Technical Indicators:Strong SellBuy (1)Sell (7)
Pivot PointsMay 04, 2022 04:40AM GMT
Name
S3
S2
S1
Pivot Points
R1
R2
R3
Classic
2148.94
2177.47
2191.89
2220.42
2234.84
2263.37
2277.79
Fibonacci
2177.47
2193.88
2204.01
2220.42
2236.83
2246.96
2263.37
Camarilla
2194.49
2198.43
2202.36
2220.42
2210.24
2214.17
2218.11
Woodie's
2141.88
2173.94
2184.83
2216.89
2227.78
2259.84
2270.73
DeMark's
-
-
2184.68
2216.81
2227.62
-
-
Technical IndicatorsMay 04, 2022 04:40AM GMT
Name
Value
Action
RSI(14)
45.050
Neutral
STOCH(9,6)
42.183
Sell
STOCHRSI(14)
0.000
Oversold
MACD(12,26)
10.230
Buy
ADX(14)
22.183
Sell
Williams %R
-82.676
Oversold
CCI(14)
-161.3465
Sell
ATR(14)
22.3322
Less Volatility
Highs/Lows(14)
-24.6571
Sell
Ultimate Oscillator
38.861
Sell
ROC
-2.583
Sell
Bull/Bear Power(13)
-57.8758
Sell
Buy: 1
Sell: 7
Neutral: 1


Summary:Strong Sell
Moving AveragesMay 04, 2022 04:40AM GMT
Period
Simple
Exponential
MA5
2219.20
Sell
2216.96
Sell
MA10
2226.57
Sell
2226.54
Sell
MA20
2239.97
Sell
2221.86
Sell
MA50
2179.40
Buy
2200.08
Buy
MA100
2170.48
Buy
2171.25
Buy
MA200
2123.97
Buy
2150.96
Buy
Buy: 6
Sell: 6


Summary:Neutral","Volume: 368,880
Bid/Ask: 2,201.35 / 2,202.45
Day's Range: 2,185.80 - 2,250.85"
2022-05-04 04:44:00.000052,"2,201.00 -29.50    -1.32%
00:43:40 - Real-time Data. Currency in INR ( Disclaimer )
Type:  Equity
Market:  India
ISIN:  INE030A01027
S/N:  HINDUNILVR","Summary:Sell
Moving Averages:NeutralBuy (6)Sell (6)
Technical Indicators:Strong SellBuy (1)Sell (7)
Pivot PointsMay 04, 2022 04:40AM GMT
Name
S3
S2
S1
Pivot Points
R1
R2
R3
Classic
2148.94
2177.47
2191.89
2220.42
2234.84
2263.37
2277.79
Fibonacci
2177.47
2193.88
2204.01
2220.42
2236.83
2246.96
2263.37
Camarilla
2194.49
2198.43
2202.36
2220.42
2210.24
2214.17
2218.11
Woodie's
2141.88
2173.94
2184.83
2216.89
2227.78
2259.84
2270.73
DeMark's
-
-
2184.68
2216.81
2227.62
-
-
Technical IndicatorsMay 04, 2022 04:40AM GMT
Name
Value
Action
RSI(14)
45.050
Neutral
STOCH(9,6)
42.183
Sell
STOCHRSI(14)
0.000
Oversold
MACD(12,26)
10.230
Buy
ADX(14)
22.183
Sell
Williams %R
-82.676
Oversold
CCI(14)
-161.3465
Sell
ATR(14)
22.3322
Less Volatility
Highs/Lows(14)
-24.6571
Sell
Ultimate Oscillator
38.861
Sell
ROC
-2.583
Sell
Bull/Bear Power(13)
-57.8758
Sell
Buy: 1
Sell: 7
Neutral: 1


Summary:Strong Sell
Moving AveragesMay 04, 2022 04:40AM GMT
Period
Simple
Exponential
MA5
2219.20
Sell
2216.96
Sell
MA10
2226.57
Sell
2226.54
Sell
MA20
2239.97
Sell
2221.86
Sell
MA50
2179.40
Buy
2200.08
Buy
MA100
2170.48
Buy
2171.25
Buy
MA200
2123.97
Buy
2150.96
Buy
Buy: 6
Sell: 6


Summary:Neutral","Volume: 371,060
Bid/Ask: 2,200.05 / 2,201.00
Day's Range: 2,185.80 - 2,250.85"
2022-05-04 04:46:00.000055,"2,202.05 -28.45    -1.28%
00:45:40 - Real-time Data. Currency in INR ( Disclaimer )
Type:  Equity
Market:  India
ISIN:  INE030A01027
S/N:  HINDUNILVR","Summary:Sell
Moving Averages:NeutralBuy (6)Sell (6)
Technical Indicators:Strong SellBuy (1)Sell (7)
Pivot PointsMay 04, 2022 04:40AM GMT
Name
S3
S2
S1
Pivot Points
R1
R2
R3
Classic
2148.94
2177.47
2191.89
2220.42
2234.84
2263.37
2277.79
Fibonacci
2177.47
2193.88
2204.01
2220.42
2236.83
2246.96
2263.37
Camarilla
2194.49
2198.43
2202.36
2220.42
2210.24
2214.17
2218.11
Woodie's
2141.88
2173.94
2184.83
2216.89
2227.78
2259.84
2270.73
DeMark's
-
-
2184.68
2216.81
2227.62
-
-
Technical IndicatorsMay 04, 2022 04:40AM GMT
Name
Value
Action
RSI(14)
45.050
Neutral
STOCH(9,6)
42.183
Sell
STOCHRSI(14)
0.000
Oversold
MACD(12,26)
10.230
Buy
ADX(14)
22.183
Sell
Williams %R
-82.676
Oversold
CCI(14)
-161.3465
Sell
ATR(14)
22.3322
Less Volatility
Highs/Lows(14)
-24.6571
Sell
Ultimate Oscillator
38.861
Sell
ROC
-2.583
Sell
Bull/Bear Power(13)
-57.8758
Sell
Buy: 1
Sell: 7
Neutral: 1


Summary:Strong Sell
Moving AveragesMay 04, 2022 04:40AM GMT
Period
Simple
Exponential
MA5
2219.20
Sell
2216.96
Sell
MA10
2226.57
Sell
2226.54
Sell
MA20
2239.97
Sell
2221.86
Sell
MA50
2179.40
Buy
2200.08
Buy
MA100
2170.48
Buy
2171.25
Buy
MA200
2123.97
Buy
2150.96
Buy
Buy: 6
Sell: 6


Summary:Neutral","Volume: 376,458
Bid/Ask: 2,201.50 / 2,202.05
Day's Range: 2,185.80 - 2,250.85"
2022-05-04 04:48:00.000054,"2,201.40 -29.10    -1.30%
00:47:38 - Real-time Data. Currency in INR ( Disclaimer )
Type:  Equity
Market:  India
ISIN:  INE030A01027
S/N:  HINDUNILVR","Summary:Sell
Moving Averages:NeutralBuy (6)Sell (6)
Technical Indicators:Strong SellBuy (1)Sell (7)
Pivot PointsMay 04, 2022 04:40AM GMT
Name
S3
S2
S1
Pivot Points
R1
R2
R3
Classic
2148.94
2177.47
2191.89
2220.42
2234.84
2263.37
2277.79
Fibonacci
2177.47
2193.88
2204.01
2220.42
2236.83
2246.96
2263.37
Camarilla
2194.49
2198.43
2202.36
2220.42
2210.24
2214.17
2218.11
Woodie's
2141.88
2173.94
2184.83
2216.89
2227.78
2259.84
2270.73
DeMark's
-
-
2184.68
2216.81
2227.62
-
-
Technical IndicatorsMay 04, 2022 04:40AM GMT
Name
Value
Action
RSI(14)
45.050
Neutral
STOCH(9,6)
42.183
Sell
STOCHRSI(14)
0.000
Oversold
MACD(12,26)
10.230
Buy
ADX(14)
22.183
Sell
Williams %R
-82.676
Oversold
CCI(14)
-161.3465
Sell
ATR(14)
22.3322
Less Volatility
Highs/Lows(14)
-24.6571
Sell
Ultimate Oscillator
38.861
Sell
ROC
-2.583
Sell
Bull/Bear Power(13)
-57.8758
Sell
Buy: 1
Sell: 7
Neutral: 1


Summary:Strong Sell
Moving AveragesMay 04, 2022 04:40AM GMT
Period
Simple
Exponential
MA5
2219.20
Sell
2216.96
Sell
MA10
2226.57
Sell
2226.54
Sell
MA20
2239.97
Sell
2221.86
Sell
MA50
2179.40
Buy
2200.08
Buy
MA100
2170.48
Buy
2171.25
Buy
MA200
2123.97
Buy
2150.96
Buy
Buy: 6
Sell: 6


Summary:Neutral","Volume: 380,741
Bid/Ask: 2,201.40 / 2,201.75
Day's Range: 2,185.80 - 2,250.85"
2022-05-04 04:50:00.000053,"2,203.25 -27.25    -1.22%
00:49:34 - Real-time Data. Currency in INR ( Disclaimer )
Type:  Equity
Market:  India
ISIN:  INE030A01027
S/N:  HINDUNILVR","Summary:Sell
Moving Averages:NeutralBuy (6)Sell (6)
Technical Indicators:Strong SellBuy (1)Sell (7)
Pivot PointsMay 04, 2022 04:40AM GMT
Name
S3
S2
S1
Pivot Points
R1
R2
R3
Classic
2148.94
2177.47
2191.89
2220.42
2234.84
2263.37
2277.79
Fibonacci
2177.47
2193.88
2204.01
2220.42
2236.83
2246.96
2263.37
Camarilla
2194.49
2198.43
2202.36
2220.42
2210.24
2214.17
2218.11
Woodie's
2141.88
2173.94
2184.83
2216.89
2227.78
2259.84
2270.73
DeMark's
-
-
2184.68
2216.81
2227.62
-
-
Technical IndicatorsMay 04, 2022 04:40AM GMT
Name
Value
Action
RSI(14)
45.050
Neutral
STOCH(9,6)
42.183
Sell
STOCHRSI(14)
0.000
Oversold
MACD(12,26)
10.230
Buy
ADX(14)
22.183
Sell
Williams %R
-82.676
Oversold
CCI(14)
-161.3465
Sell
ATR(14)
22.3322
Less Volatility
Highs/Lows(14)
-24.6571
Sell
Ultimate Oscillator
38.861
Sell
ROC
-2.583
Sell
Bull/Bear Power(13)
-57.8758
Sell
Buy: 1
Sell: 7
Neutral: 1


Summary:Strong Sell
Moving AveragesMay 04, 2022 04:40AM GMT
Period
Simple
Exponential
MA5
2219.20
Sell
2216.96
Sell
MA10
2226.57
Sell
2226.54
Sell
MA20
2239.97
Sell
2221.86
Sell
MA50
2179.40
Buy
2200.08
Buy
MA100
2170.48
Buy
2171.25
Buy
MA200
2123.97
Buy
2150.96
Buy
Buy: 6
Sell: 6


Summary:Neutral","Volume: 384,520
Bid/Ask: 2,203.00 / 2,203.25
Day's Range: 2,185.80 - 2,250.85"
2022-05-04 04:52:00.000051,"2,202.55 -27.95    -1.25%
00:51:40 - Real-time Data. Currency in INR ( Disclaimer )
Type:  Equity
Market:  India
ISIN:  INE030A01027
S/N:  HINDUNILVR","Summary:Sell
Moving Averages:NeutralBuy (6)Sell (6)
Technical Indicators:Strong SellBuy (1)Sell (8)
Pivot PointsMay 04, 2022 04:50AM GMT
Name
S3
S2
S1
Pivot Points
R1
R2
R3
Classic
2148.94
2177.47
2191.89
2220.42
2234.84
2263.37
2277.79
Fibonacci
2177.47
2193.88
2204.01
2220.42
2236.83
2246.96
2263.37
Camarilla
2194.49
2198.43
2202.36
2220.42
2210.24
2214.17
2218.11
Woodie's
2141.88
2173.94
2184.83
2216.89
2227.78
2259.84
2270.73
DeMark's
-
-
2184.68
2216.81
2227.62
-
-
Technical IndicatorsMay 04, 2022 04:50AM GMT
Name
Value
Action
RSI(14)
44.700
Sell
STOCH(9,6)
41.880
Sell
STOCHRSI(14)
0.000
Oversold
MACD(12,26)
10.130
Buy
ADX(14)
22.183
Sell
Williams %R
-83.831
Oversold
CCI(14)
-162.5914
Sell
ATR(14)
22.3322
Less Volatility
Highs/Lows(14)
-25.8572
Sell
Ultimate Oscillator
38.221
Sell
ROC
-2.636
Sell
Bull/Bear Power(13)
-57.5338
Sell
Buy: 1
Sell: 8
Neutral: 0


Summary:Strong Sell
Moving AveragesMay 04, 2022 04:50AM GMT
Period
Simple
Exponential
MA5
2218.96
Sell
2216.56
Sell
MA10
2226.45
Sell
2226.32
Sell
MA20
2239.91
Sell
2221.75
Sell
MA50
2179.38
Buy
2200.03
Buy
MA100
2170.46
Buy
2171.22
Buy
MA200
2123.97
Buy
2150.95
Buy
Buy: 6
Sell: 6


Summary:Neutral","Volume: 386,838
Bid/Ask: 2,202.00 / 2,202.55
Day's Range: 2,185.80 - 2,250.85"
2022-05-04 04:54:00.000054,"2,201.90 -28.60    -1.28%
00:53:35 - Real-time Data. Currency in INR ( Disclaimer )
Type:  Equity
Market:  India
ISIN:  INE030A01027
S/N:  HINDUNILVR","Summary:Sell
Moving Averages:NeutralBuy (6)Sell (6)
Technical Indicators:Strong SellBuy (1)Sell (8)
Pivot PointsMay 04, 2022 04:50AM GMT
Name
S3
S2
S1
Pivot Points
R1
R2
R3
Classic
2148.94
2177.47
2191.89
2220.42
2234.84
2263.37
2277.79
Fibonacci
2177.47
2193.88
2204.01
2220.42
2236.83
2246.96
2263.37
Camarilla
2194.49
2198.43
2202.36
2220.42
2210.24
2214.17
2218.11
Woodie's
2141.88
2173.94
2184.83
2216.89
2227.78
2259.84
2270.73
DeMark's
-
-
2184.68
2216.81
2227.62
-
-
Technical IndicatorsMay 04, 2022 04:50AM GMT
Name
Value
Action
RSI(14)
44.700
Sell
STOCH(9,6)
41.880
Sell
STOCHRSI(14)
0.000
Oversold
MACD(12,26)
10.130
Buy
ADX(14)
22.183
Sell
Williams %R
-83.831
Oversold
CCI(14)
-162.5914
Sell
ATR(14)
22.3322
Less Volatility
Highs/Lows(14)
-25.8572
Sell
Ultimate Oscillator
38.221
Sell
ROC
-2.636
Sell
Bull/Bear Power(13)
-57.5338
Sell
Buy: 1
Sell: 8
Neutral: 0


Summary:Strong Sell
Moving AveragesMay 04, 2022 04:50AM GMT
Period
Simple
Exponential
MA5
2218.96
Sell
2216.56
Sell
MA10
2226.45
Sell
2226.32
Sell
MA20
2239.91
Sell
2221.75
Sell
MA50
2179.38
Buy
2200.03
Buy
MA100
2170.46
Buy
2171.22
Buy
MA200
2123.97
Buy
2150.95
Buy
Buy: 6
Sell: 6


Summary:Neutral","Volume: 389,435
Bid/Ask: 2,201.90 / 2,202.75
Day's Range: 2,185.80 - 2,250.85"
2022-05-04 04:56:00.000053,"2,199.65 -30.85    -1.38%
00:55:40 - Real-time Data. Currency in INR ( Disclaimer )
Type:  Equity
Market:  India
ISIN:  INE030A01027
S/N:  HINDUNILVR","Summary:Sell
Moving Averages:NeutralBuy (6)Sell (6)
Technical Indicators:Strong SellBuy (1)Sell (8)
Pivot PointsMay 04, 2022 04:50AM GMT
Name
S3
S2
S1
Pivot Points
R1
R2
R3
Classic
2148.94
2177.47
2191.89
2220.42
2234.84
2263.37
2277.79
Fibonacci
2177.47
2193.88
2204.01
2220.42
2236.83
2246.96
2263.37
Camarilla
2194.49
2198.43
2202.36
2220.42
2210.24
2214.17
2218.11
Woodie's
2141.88
2173.94
2184.83
2216.89
2227.78
2259.84
2270.73
DeMark's
-
-
2184.68
2216.81
2227.62
-
-
Technical IndicatorsMay 04, 2022 04:50AM GMT
Name
Value
Action
RSI(14)
44.700
Sell
STOCH(9,6)
41.880
Sell
STOCHRSI(14)
0.000
Oversold
MACD(12,26)
10.130
Buy
ADX(14)
22.183
Sell
Williams %R
-83.831
Oversold
CCI(14)
-162.5914
Sell
ATR(14)
22.3322
Less Volatility
Highs/Lows(14)
-25.8572
Sell
Ultimate Oscillator
38.221
Sell
ROC
-2.636
Sell
Bull/Bear Power(13)
-57.5338
Sell
Buy: 1
Sell: 8
Neutral: 0


Summary:Strong Sell
Moving AveragesMay 04, 2022 04:50AM GMT
Period
Simple
Exponential
MA5
2218.96
Sell
2216.56
Sell
MA10
2226.45
Sell
2226.32
Sell
MA20
2239.91
Sell
2221.75
Sell
MA50
2179.38
Buy
2200.03
Buy
MA100
2170.46
Buy
2171.22
Buy
MA200
2123.97
Buy
2150.95
Buy
Buy: 6
Sell: 6


Summary:Neutral","Volume: 397,937
Bid/Ask: 2,198.50 / 2,199.65
Day's Range: 2,185.80 - 2,250.85"
2022-05-04 04:58:00.000055,"2,192.50 -38.00    -1.70%
00:57:40 - Real-time Data. Currency in INR ( Disclaimer )
Type:  Equity
Market:  India
ISIN:  INE030A01027
S/N:  HINDUNILVR","Summary:Sell
Moving Averages:NeutralBuy (6)Sell (6)
Technical Indicators:Strong SellBuy (1)Sell (8)
Pivot PointsMay 04, 2022 04:50AM GMT
Name
S3
S2
S1
Pivot Points
R1
R2
R3
Classic
2148.94
2177.47
2191.89
2220.42
2234.84
2263.37
2277.79
Fibonacci
2177.47
2193.88
2204.01
2220.42
2236.83
2246.96
2263.37
Camarilla
2194.49
2198.43
2202.36
2220.42
2210.24
2214.17
2218.11
Woodie's
2141.88
2173.94
2184.83
2216.89
2227.78
2259.84
2270.73
DeMark's
-
-
2184.68
2216.81
2227.62
-
-
Technical IndicatorsMay 04, 2022 04:50AM GMT
Name
Value
Action
RSI(14)
44.700
Sell
STOCH(9,6)
41.880
Sell
STOCHRSI(14)
0.000
Oversold
MACD(12,26)
10.130
Buy
ADX(14)
22.183
Sell
Williams %R
-83.831
Oversold
CCI(14)
-162.5914
Sell
ATR(14)
22.3322
Less Volatility
Highs/Lows(14)
-25.8572
Sell
Ultimate Oscillator
38.221
Sell
ROC
-2.636
Sell
Bull/Bear Power(13)
-57.5338
Sell
Buy: 1
Sell: 8
Neutral: 0


Summary:Strong Sell
Moving AveragesMay 04, 2022 04:50AM GMT
Period
Simple
Exponential
MA5
2218.96
Sell
2216.56
Sell
MA10
2226.45
Sell
2226.32
Sell
MA20
2239.91
Sell
2221.75
Sell
MA50
2179.38
Buy
2200.03
Buy
MA100
2170.46
Buy
2171.22
Buy
MA200
2123.97
Buy
2150.95
Buy
Buy: 6
Sell: 6


Summary:Neutral","Volume: 404,041
Bid/Ask: 2,192.00 / 2,192.50
Day's Range: 2,185.80 - 2,250.85"
2022-05-04 05:00:00.000049,"2,185.20 -45.30    -2.03%
00:59:45 - Real-time Data. Currency in INR ( Disclaimer )
Type:  Equity
Market:  India
ISIN:  INE030A01027
S/N:  HINDUNILVR","Summary:Sell
Moving Averages:NeutralBuy (6)Sell (6)
Technical Indicators:Strong SellBuy (1)Sell (8)
Pivot PointsMay 04, 2022 04:50AM GMT
Name
S3
S2
S1
Pivot Points
R1
R2
R3
Classic
2148.94
2177.47
2191.89
2220.42
2234.84
2263.37
2277.79
Fibonacci
2177.47
2193.88
2204.01
2220.42
2236.83
2246.96
2263.37
Camarilla
2194.49
2198.43
2202.36
2220.42
2210.24
2214.17
2218.11
Woodie's
2141.88
2173.94
2184.83
2216.89
2227.78
2259.84
2270.73
DeMark's
-
-
2184.68
2216.81
2227.62
-
-
Technical IndicatorsMay 04, 2022 04:50AM GMT
Name
Value
Action
RSI(14)
44.700
Sell
STOCH(9,6)
41.880
Sell
STOCHRSI(14)
0.000
Oversold
MACD(12,26)
10.130
Buy
ADX(14)
22.183
Sell
Williams %R
-83.831
Oversold
CCI(14)
-162.5914
Sell
ATR(14)
22.3322
Less Volatility
Highs/Lows(14)
-25.8572
Sell
Ultimate Oscillator
38.221
Sell
ROC
-2.636
Sell
Bull/Bear Power(13)
-57.5338
Sell
Buy: 1
Sell: 8
Neutral: 0


Summary:Strong Sell
Moving AveragesMay 04, 2022 04:50AM GMT
Period
Simple
Exponential
MA5
2218.96
Sell
2216.56
Sell
MA10
2226.45
Sell
2226.32
Sell
MA20
2239.91
Sell
2221.75
Sell
MA50
2179.38
Buy
2200.03
Buy
MA100
2170.46
Buy
2171.22
Buy
MA200
2123.97
Buy
2150.95
Buy
Buy: 6
Sell: 6


Summary:Neutral","Volume: 419,927
Bid/Ask: 2,185.35 / 2,186.35
Day's Range: 2,182.65 - 2,250.85"
2022-05-04 05:02:00.000055,"2,187.70 -42.80    -1.92%
01:01:35 - Real-time Data. Currency in INR ( Disclaimer )
Type:  Equity
Market:  India
ISIN:  INE030A01027
S/N:  HINDUNILVR","Summary:Strong Sell
Moving Averages:SellBuy (5)Sell (7)
Technical Indicators:Strong SellBuy (1)Sell (7)
Pivot PointsMay 04, 2022 05:00AM GMT
Name
S3
S2
S1
Pivot Points
R1
R2
R3
Classic
2149.15
2166.30
2176.30
2193.45
2203.45
2220.60
2230.60
Fibonacci
2166.30
2176.67
2183.08
2193.45
2203.82
2210.23
2220.60
Camarilla
2178.83
2181.32
2183.81
2193.45
2188.79
2191.28
2193.77
Woodie's
2145.57
2164.51
2172.72
2191.66
2199.87
2218.81
2227.02
DeMark's
-
-
2171.30
2190.95
2198.45
-
-
Technical IndicatorsMay 04, 2022 05:00AM GMT
Name
Value
Action
RSI(14)
40.732
Sell
STOCH(9,6)
30.914
Sell
STOCHRSI(14)
1.104
Oversold
MACD(12,26)
5.760
Buy
ADX(14)
22.682
Sell
Williams %R
-96.387
Oversold
CCI(14)
-190.0913
Sell
ATR(14)
21.2357
Less Volatility
Highs/Lows(14)
-35.9428
Sell
Ultimate Oscillator
26.651
Oversold
ROC
-4.078
Sell
Bull/Bear Power(13)
-65.0039
Sell
Buy: 1
Sell: 7
Neutral: 0


Summary:Strong Sell
Moving AveragesMay 04, 2022 05:00AM GMT
Period
Simple
Exponential
MA5
2207.58
Sell
2203.47
Sell
MA10
2221.42
Sell
2217.25
Sell
MA20
2236.21
Sell
2216.72
Sell
MA50
2180.26
Buy
2199.24
Sell
MA100
2170.70
Buy
2171.30
Buy
MA200
2124.99
Buy
2151.12
Buy
Buy: 5
Sell: 7


Summary:Sell","Volume: 428,783
Bid/Ask: 2,187.70 / 2,188.65
Day's Range: 2,182.65 - 2,250.85"
2022-05-04 05:04:00.000057,"2,189.00 -41.50    -1.86%
01:03:40 - Real-time Data. Currency in INR ( Disclaimer )
Type:  Equity
Market:  India
ISIN:  INE030A01027
S/N:  HINDUNILVR","Summary:Strong Sell
Moving Averages:SellBuy (5)Sell (7)
Technical Indicators:Strong SellBuy (1)Sell (7)
Pivot PointsMay 04, 2022 05:00AM GMT
Name
S3
S2
S1
Pivot Points
R1
R2
R3
Classic
2149.15
2166.30
2176.30
2193.45
2203.45
2220.60
2230.60
Fibonacci
2166.30
2176.67
2183.08
2193.45
2203.82
2210.23
2220.60
Camarilla
2178.83
2181.32
2183.81
2193.45
2188.79
2191.28
2193.77
Woodie's
2145.57
2164.51
2172.72
2191.66
2199.87
2218.81
2227.02
DeMark's
-
-
2171.30
2190.95
2198.45
-
-
Technical IndicatorsMay 04, 2022 05:00AM GMT
Name
Value
Action
RSI(14)
40.732
Sell
STOCH(9,6)
30.914
Sell
STOCHRSI(14)
1.104
Oversold
MACD(12,26)
5.760
Buy
ADX(14)
22.682
Sell
Williams %R
-96.387
Oversold
CCI(14)
-190.0913
Sell
ATR(14)
21.2357
Less Volatility
Highs/Lows(14)
-35.9428
Sell
Ultimate Oscillator
26.651
Oversold
ROC
-4.078
Sell
Bull/Bear Power(13)
-65.0039
Sell
Buy: 1
Sell: 7
Neutral: 0


Summary:Strong Sell
Moving AveragesMay 04, 2022 05:00AM GMT
Period
Simple
Exponential
MA5
2207.58
Sell
2203.47
Sell
MA10
2221.42
Sell
2217.25
Sell
MA20
2236.21
Sell
2216.72
Sell
MA50
2180.26
Buy
2199.24
Sell
MA100
2170.70
Buy
2171.30
Buy
MA200
2124.99
Buy
2151.12
Buy
Buy: 5
Sell: 7


Summary:Sell","Volume: 431,870
Bid/Ask: 2,189.00 / 2,189.50
Day's Range: 2,182.65 - 2,250.85"
2022-05-04 05:06:00.000068,"2,188.00 -42.50    -1.91%
01:05:44 - Real-time Data. Currency in INR ( Disclaimer )
Type:  Equity
Market:  India
ISIN:  INE030A01027
S/N:  HINDUNILVR","Summary:Strong Sell
Moving Averages:SellBuy (5)Sell (7)
Technical Indicators:Strong SellBuy (1)Sell (7)
Pivot PointsMay 04, 2022 05:00AM GMT
Name
S3
S2
S1
Pivot Points
R1
R2
R3
Classic
2149.15
2166.30
2176.30
2193.45
2203.45
2220.60
2230.60
Fibonacci
2166.30
2176.67
2183.08
2193.45
2203.82
2210.23
2220.60
Camarilla
2178.83
2181.32
2183.81
2193.45
2188.79
2191.28
2193.77
Woodie's
2145.57
2164.51
2172.72
2191.66
2199.87
2218.81
2227.02
DeMark's
-
-
2171.30
2190.95
2198.45
-
-
Technical IndicatorsMay 04, 2022 05:00AM GMT
Name
Value
Action
RSI(14)
40.732
Sell
STOCH(9,6)
30.914
Sell
STOCHRSI(14)
1.104
Oversold
MACD(12,26)
5.760
Buy
ADX(14)
22.682
Sell
Williams %R
-96.387
Oversold
CCI(14)
-190.0913
Sell
ATR(14)
21.2357
Less Volatility
Highs/Lows(14)
-35.9428
Sell
Ultimate Oscillator
26.651
Oversold
ROC
-4.078
Sell
Bull/Bear Power(13)
-65.0039
Sell
Buy: 1
Sell: 7
Neutral: 0


Summary:Strong Sell
Moving AveragesMay 04, 2022 05:00AM GMT
Period
Simple
Exponential
MA5
2207.58
Sell
2203.47
Sell
MA10
2221.42
Sell
2217.25
Sell
MA20
2236.21
Sell
2216.72
Sell
MA50
2180.26
Buy
2199.24
Sell
MA100
2170.70
Buy
2171.30
Buy
MA200
2124.99
Buy
2151.12
Buy
Buy: 5
Sell: 7


Summary:Sell","Volume: 435,993
Bid/Ask: 2,188.00 / 2,188.50
Day's Range: 2,182.65 - 2,250.85"
2022-05-04 05:08:00.000049,"2,189.90 -40.60    -1.82%
01:07:41 - Real-time Data. Currency in INR ( Disclaimer )
Type:  Equity
Market:  India
ISIN:  INE030A01027
S/N:  HINDUNILVR","Summary:Strong Sell
Moving Averages:SellBuy (5)Sell (7)
Technical Indicators:Strong SellBuy (1)Sell (7)
Pivot PointsMay 04, 2022 05:00AM GMT
Name
S3
S2
S1
Pivot Points
R1
R2
R3
Classic
2149.15
2166.30
2176.30
2193.45
2203.45
2220.60
2230.60
Fibonacci
2166.30
2176.67
2183.08
2193.45
2203.82
2210.23
2220.60
Camarilla
2178.83
2181.32
2183.81
2193.45
2188.79
2191.28
2193.77
Woodie's
2145.57
2164.51
2172.72
2191.66
2199.87
2218.81
2227.02
DeMark's
-
-
2171.30
2190.95
2198.45
-
-
Technical IndicatorsMay 04, 2022 05:00AM GMT
Name
Value
Action
RSI(14)
40.732
Sell
STOCH(9,6)
30.914
Sell
STOCHRSI(14)
1.104
Oversold
MACD(12,26)
5.760
Buy
ADX(14)
22.682
Sell
Williams %R
-96.387
Oversold
CCI(14)
-190.0913
Sell
ATR(14)
21.2357
Less Volatility
Highs/Lows(14)
-35.9428
Sell
Ultimate Oscillator
26.651
Oversold
ROC
-4.078
Sell
Bull/Bear Power(13)
-65.0039
Sell
Buy: 1
Sell: 7
Neutral: 0


Summary:Strong Sell
Moving AveragesMay 04, 2022 05:00AM GMT
Period
Simple
Exponential
MA5
2207.58
Sell
2203.47
Sell
MA10
2221.42
Sell
2217.25
Sell
MA20
2236.21
Sell
2216.72
Sell
MA50
2180.26
Buy
2199.24
Sell
MA100
2170.70
Buy
2171.30
Buy
MA200
2124.99
Buy
2151.12
Buy
Buy: 5
Sell: 7


Summary:Sell","Volume: 440,991
Bid/Ask: 2,189.90 / 2,190.95
Day's Range: 2,182.65 - 2,250.85"
2022-05-04 05:10:00.000065,"2,189.45 -41.05    -1.84%
01:09:41 - Real-time Data. Currency in INR ( Disclaimer )
Type:  Equity
Market:  India
ISIN:  INE030A01027
S/N:  HINDUNILVR","Summary:Strong Sell
Moving Averages:SellBuy (5)Sell (7)
Technical Indicators:Strong SellBuy (1)Sell (7)
Pivot PointsMay 04, 2022 05:00AM GMT
Name
S3
S2
S1
Pivot Points
R1
R2
R3
Classic
2149.15
2166.30
2176.30
2193.45
2203.45
2220.60
2230.60
Fibonacci
2166.30
2176.67
2183.08
2193.45
2203.82
2210.23
2220.60
Camarilla
2178.83
2181.32
2183.81
2193.45
2188.79
2191.28
2193.77
Woodie's
2145.57
2164.51
2172.72
2191.66
2199.87
2218.81
2227.02
DeMark's
-
-
2171.30
2190.95
2198.45
-
-
Technical IndicatorsMay 04, 2022 05:00AM GMT
Name
Value
Action
RSI(14)
40.732
Sell
STOCH(9,6)
30.914
Sell
STOCHRSI(14)
1.104
Oversold
MACD(12,26)
5.760
Buy
ADX(14)
22.682
Sell
Williams %R
-96.387
Oversold
CCI(14)
-190.0913
Sell
ATR(14)
21.2357
Less Volatility
Highs/Lows(14)
-35.9428
Sell
Ultimate Oscillator
26.651
Oversold
ROC
-4.078
Sell
Bull/Bear Power(13)
-65.0039
Sell
Buy: 1
Sell: 7
Neutral: 0


Summary:Strong Sell
Moving AveragesMay 04, 2022 05:00AM GMT
Period
Simple
Exponential
MA5
2207.58
Sell
2203.47
Sell
MA10
2221.42
Sell
2217.25
Sell
MA20
2236.21
Sell
2216.72
Sell
MA50
2180.26
Buy
2199.24
Sell
MA100
2170.70
Buy
2171.30
Buy
MA200
2124.99
Buy
2151.12
Buy
Buy: 5
Sell: 7


Summary:Sell","Volume: 443,629
Bid/Ask: 2,188.25 / 2,189.45
Day's Range: 2,182.65 - 2,250.85"
2022-05-04 05:12:00.000070,"2,187.00 -43.50    -1.95%
01:11:41 - Real-time Data. Currency in INR ( Disclaimer )
Type:  Equity
Market:  India
ISIN:  INE030A01027
S/N:  HINDUNILVR","Summary:Strong Sell
Moving Averages:SellBuy (5)Sell (7)
Technical Indicators:Strong SellBuy (1)Sell (7)
Pivot PointsMay 04, 2022 05:10AM GMT
Name
S3
S2
S1
Pivot Points
R1
R2
R3
Classic
2149.15
2166.30
2176.30
2193.45
2203.45
2220.60
2230.60
Fibonacci
2166.30
2176.67
2183.08
2193.45
2203.82
2210.23
2220.60
Camarilla
2178.83
2181.32
2183.81
2193.45
2188.79
2191.28
2193.77
Woodie's
2145.57
2164.51
2172.72
2191.66
2199.87
2218.81
2227.02
DeMark's
-
-
2171.30
2190.95
2198.45
-
-
Technical IndicatorsMay 04, 2022 05:10AM GMT
Name
Value
Action
RSI(14)
41.356
Sell
STOCH(9,6)
31.327
Sell
STOCHRSI(14)
2.951
Oversold
MACD(12,26)
5.900
Buy
ADX(14)
22.682
Sell
Williams %R
-94.791
Oversold
CCI(14)
-185.1177
Sell
ATR(14)
21.7143
Less Volatility
Highs/Lows(14)
-34.0857
Sell
Ultimate Oscillator
27.434
Oversold
ROC
-4.004
Sell
Bull/Bear Power(13)
-62.1899
Sell
Buy: 1
Sell: 7
Neutral: 0


Summary:Strong Sell
Moving AveragesMay 04, 2022 05:10AM GMT
Period
Simple
Exponential
MA5
2207.92
Sell
2204.04
Sell
MA10
2221.59
Sell
2217.56
Sell
MA20
2236.29
Sell
2216.88
Sell
MA50
2180.29
Buy
2199.31
Sell
MA100
2170.72
Buy
2171.33
Buy
MA200
2125.00
Buy
2151.13
Buy
Buy: 5
Sell: 7


Summary:Sell","Volume: 447,836
Bid/Ask: 2,186.35 / 2,187.25
Day's Range: 2,182.65 - 2,250.85"
2022-05-04 05:14:00.000064,"2,188.65 -41.85    -1.88%
01:13:38 - Real-time Data. Currency in INR ( Disclaimer )
Type:  Equity
Market:  India
ISIN:  INE030A01027
S/N:  HINDUNILVR","Summary:Strong Sell
Moving Averages:SellBuy (5)Sell (7)
Technical Indicators:Strong SellBuy (1)Sell (7)
Pivot PointsMay 04, 2022 05:10AM GMT
Name
S3
S2
S1
Pivot Points
R1
R2
R3
Classic
2149.15
2166.30
2176.30
2193.45
2203.45
2220.60
2230.60
Fibonacci
2166.30
2176.67
2183.08
2193.45
2203.82
2210.23
2220.60
Camarilla
2178.83
2181.32
2183.81
2193.45
2188.79
2191.28
2193.77
Woodie's
2145.57
2164.51
2172.72
2191.66
2199.87
2218.81
2227.02
DeMark's
-
-
2171.30
2190.95
2198.45
-
-
Technical IndicatorsMay 04, 2022 05:10AM GMT
Name
Value
Action
RSI(14)
41.356
Sell
STOCH(9,6)
31.327
Sell
STOCHRSI(14)
2.951
Oversold
MACD(12,26)
5.900
Buy
ADX(14)
22.682
Sell
Williams %R
-94.791
Oversold
CCI(14)
-185.1177
Sell
ATR(14)
21.7143
Less Volatility
Highs/Lows(14)
-34.0857
Sell
Ultimate Oscillator
27.434
Oversold
ROC
-4.004
Sell
Bull/Bear Power(13)
-62.1899
Sell
Buy: 1
Sell: 7
Neutral: 0


Summary:Strong Sell
Moving AveragesMay 04, 2022 05:10AM GMT
Period
Simple
Exponential
MA5
2207.92
Sell
2204.04
Sell
MA10
2221.59
Sell
2217.56
Sell
MA20
2236.29
Sell
2216.88
Sell
MA50
2180.29
Buy
2199.31
Sell
MA100
2170.72
Buy
2171.33
Buy
MA200
2125.00
Buy
2151.13
Buy
Buy: 5
Sell: 7


Summary:Sell","Volume: 450,843
Bid/Ask: 2,188.00 / 2,188.65
Day's Range: 2,182.65 - 2,250.85"
2022-05-04 05:16:00.000052,"2,186.85 -43.65    -1.96%
01:15:40 - Real-time Data. Currency in INR ( Disclaimer )
Type:  Equity
Market:  India
ISIN:  INE030A01027
S/N:  HINDUNILVR","Summary:Strong Sell
Moving Averages:SellBuy (5)Sell (7)
Technical Indicators:Strong SellBuy (1)Sell (7)
Pivot PointsMay 04, 2022 05:10AM GMT
Name
S3
S2
S1
Pivot Points
R1
R2
R3
Classic
2149.15
2166.30
2176.30
2193.45
2203.45
2220.60
2230.60
Fibonacci
2166.30
2176.67
2183.08
2193.45
2203.82
2210.23
2220.60
Camarilla
2178.83
2181.32
2183.81
2193.45
2188.79
2191.28
2193.77
Woodie's
2145.57
2164.51
2172.72
2191.66
2199.87
2218.81
2227.02
DeMark's
-
-
2171.30
2190.95
2198.45
-
-
Technical IndicatorsMay 04, 2022 05:10AM GMT
Name
Value
Action
RSI(14)
41.356
Sell
STOCH(9,6)
31.327
Sell
STOCHRSI(14)
2.951
Oversold
MACD(12,26)
5.900
Buy
ADX(14)
22.682
Sell
Williams %R
-94.791
Oversold
CCI(14)
-185.1177
Sell
ATR(14)
21.7143
Less Volatility
Highs/Lows(14)
-34.0857
Sell
Ultimate Oscillator
27.434
Oversold
ROC
-4.004
Sell
Bull/Bear Power(13)
-62.1899
Sell
Buy: 1
Sell: 7
Neutral: 0


Summary:Strong Sell
Moving AveragesMay 04, 2022 05:10AM GMT
Period
Simple
Exponential
MA5
2207.92
Sell
2204.04
Sell
MA10
2221.59
Sell
2217.56
Sell
MA20
2236.29
Sell
2216.88
Sell
MA50
2180.29
Buy
2199.31
Sell
MA100
2170.72
Buy
2171.33
Buy
MA200
2125.00
Buy
2151.13
Buy
Buy: 5
Sell: 7


Summary:Sell","Volume: 456,867
Bid/Ask: 2,186.30 / 2,186.95
Day's Range: 2,182.65 - 2,250.85"
2022-05-04 05:18:00.000053,"2,186.65 -43.85    -1.97%
01:17:46 - Real-time Data. Currency in INR ( Disclaimer )
Type:  Equity
Market:  India
ISIN:  INE030A01027
S/N:  HINDUNILVR","Summary:Strong Sell
Moving Averages:SellBuy (5)Sell (7)
Technical Indicators:Strong SellBuy (1)Sell (7)
Pivot PointsMay 04, 2022 05:10AM GMT
Name
S3
S2
S1
Pivot Points
R1
R2
R3
Classic
2149.15
2166.30
2176.30
2193.45
2203.45
2220.60
2230.60
Fibonacci
2166.30
2176.67
2183.08
2193.45
2203.82
2210.23
2220.60
Camarilla
2178.83
2181.32
2183.81
2193.45
2188.79
2191.28
2193.77
Woodie's
2145.57
2164.51
2172.72
2191.66
2199.87
2218.81
2227.02
DeMark's
-
-
2171.30
2190.95
2198.45
-
-
Technical IndicatorsMay 04, 2022 05:10AM GMT
Name
Value
Action
RSI(14)
41.356
Sell
STOCH(9,6)
31.327
Sell
STOCHRSI(14)
2.951
Oversold
MACD(12,26)
5.900
Buy
ADX(14)
22.682
Sell
Williams %R
-94.791
Oversold
CCI(14)
-185.1177
Sell
ATR(14)
21.7143
Less Volatility
Highs/Lows(14)
-34.0857
Sell
Ultimate Oscillator
27.434
Oversold
ROC
-4.004
Sell
Bull/Bear Power(13)
-62.1899
Sell
Buy: 1
Sell: 7
Neutral: 0


Summary:Strong Sell
Moving AveragesMay 04, 2022 05:10AM GMT
Period
Simple
Exponential
MA5
2207.92
Sell
2204.04
Sell
MA10
2221.59
Sell
2217.56
Sell
MA20
2236.29
Sell
2216.88
Sell
MA50
2180.29
Buy
2199.31
Sell
MA100
2170.72
Buy
2171.33
Buy
MA200
2125.00
Buy
2151.13
Buy
Buy: 5
Sell: 7


Summary:Sell","Volume: 460,541
Bid/Ask: 2,186.65 / 2,186.90
Day's Range: 2,182.65 - 2,250.85"
2022-05-04 05:20:00.000049,"2,186.75 -43.75    -1.96%
01:19:41 - Real-time Data. Currency in INR ( Disclaimer )
Type:  Equity
Market:  India
ISIN:  INE030A01027
S/N:  HINDUNILVR","Summary:Strong Sell
Moving Averages:SellBuy (5)Sell (7)
Technical Indicators:Strong SellBuy (1)Sell (7)
Pivot PointsMay 04, 2022 05:10AM GMT
Name
S3
S2
S1
Pivot Points
R1
R2
R3
Classic
2149.15
2166.30
2176.30
2193.45
2203.45
2220.60
2230.60
Fibonacci
2166.30
2176.67
2183.08
2193.45
2203.82
2210.23
2220.60
Camarilla
2178.83
2181.32
2183.81
2193.45
2188.79
2191.28
2193.77
Woodie's
2145.57
2164.51
2172.72
2191.66
2199.87
2218.81
2227.02
DeMark's
-
-
2171.30
2190.95
2198.45
-
-
Technical IndicatorsMay 04, 2022 05:10AM GMT
Name
Value
Action
RSI(14)
41.356
Sell
STOCH(9,6)
31.327
Sell
STOCHRSI(14)
2.951
Oversold
MACD(12,26)
5.900
Buy
ADX(14)
22.682
Sell
Williams %R
-94.791
Oversold
CCI(14)
-185.1177
Sell
ATR(14)
21.7143
Less Volatility
Highs/Lows(14)
-34.0857
Sell
Ultimate Oscillator
27.434
Oversold
ROC
-4.004
Sell
Bull/Bear Power(13)
-62.1899
Sell
Buy: 1
Sell: 7
Neutral: 0


Summary:Strong Sell
Moving AveragesMay 04, 2022 05:10AM GMT
Period
Simple
Exponential
MA5
2207.92
Sell
2204.04
Sell
MA10
2221.59
Sell
2217.56
Sell
MA20
2236.29
Sell
2216.88
Sell
MA50
2180.29
Buy
2199.31
Sell
MA100
2170.72
Buy
2171.33
Buy
MA200
2125.00
Buy
2151.13
Buy
Buy: 5
Sell: 7


Summary:Sell","Volume: 464,932
Bid/Ask: 2,186.45 / 2,186.75
Day's Range: 2,182.65 - 2,250.85"
2022-05-04 05:22:00.000052,"2,187.35 -43.15    -1.93%
01:21:35 - Real-time Data. Currency in INR ( Disclaimer )
Type:  Equity
Market:  India
ISIN:  INE030A01027
S/N:  HINDUNILVR","Summary:Strong Sell
Moving Averages:SellBuy (5)Sell (7)
Technical Indicators:Strong SellBuy (1)Sell (7)
Pivot PointsMay 04, 2022 05:20AM GMT
Name
S3
S2
S1
Pivot Points
R1
R2
R3
Classic
2149.15
2166.30
2176.30
2193.45
2203.45
2220.60
2230.60
Fibonacci
2166.30
2176.67
2183.08
2193.45
2203.82
2210.23
2220.60
Camarilla
2178.83
2181.32
2183.81
2193.45
2188.79
2191.28
2193.77
Woodie's
2145.57
2164.51
2172.72
2191.66
2199.87
2218.81
2227.02
DeMark's
-
-
2171.30
2190.95
2198.45
-
-
Technical IndicatorsMay 04, 2022 05:20AM GMT
Name
Value
Action
RSI(14)
40.677
Sell
STOCH(9,6)
30.877
Sell
STOCHRSI(14)
0.941
Oversold
MACD(12,26)
5.750
Buy
ADX(14)
22.682
Sell
Williams %R
-96.527
Oversold
CCI(14)
-187.0655
Sell
ATR(14)
21.7215
Less Volatility
Highs/Lows(14)
-35.9287
Sell
Ultimate Oscillator
26.469
Oversold
ROC
-4.085
Sell
Bull/Bear Power(13)
-61.7620
Sell
Buy: 1
Sell: 7
Neutral: 0


Summary:Strong Sell
Moving AveragesMay 04, 2022 05:20AM GMT
Period
Simple
Exponential
MA5
2207.55
Sell
2203.42
Sell
MA10
2221.40
Sell
2217.22
Sell
MA20
2236.20
Sell
2216.70
Sell
MA50
2180.25
Buy
2199.24
Sell
MA100
2170.70
Buy
2171.30
Buy
MA200
2124.99
Buy
2151.12
Buy
Buy: 5
Sell: 7


Summary:Sell","Volume: 467,095
Bid/Ask: 2,187.35 / 2,188.00
Day's Range: 2,182.65 - 2,250.85"
2022-05-04 05:24:00.000089,"2,186.80 -43.70    -1.96%
01:23:32 - Real-time Data. Currency in INR ( Disclaimer )
Type:  Equity
Market:  India
ISIN:  INE030A01027
S/N:  HINDUNILVR","Summary:Strong Sell
Moving Averages:SellBuy (5)Sell (7)
Technical Indicators:Strong SellBuy (1)Sell (7)
Pivot PointsMay 04, 2022 05:20AM GMT
Name
S3
S2
S1
Pivot Points
R1
R2
R3
Classic
2149.15
2166.30
2176.30
2193.45
2203.45
2220.60
2230.60
Fibonacci
2166.30
2176.67
2183.08
2193.45
2203.82
2210.23
2220.60
Camarilla
2178.83
2181.32
2183.81
2193.45
2188.79
2191.28
2193.77
Woodie's
2145.57
2164.51
2172.72
2191.66
2199.87
2218.81
2227.02
DeMark's
-
-
2171.30
2190.95
2198.45
-
-
Technical IndicatorsMay 04, 2022 05:20AM GMT
Name
Value
Action
RSI(14)
40.677
Sell
STOCH(9,6)
30.877
Sell
STOCHRSI(14)
0.941
Oversold
MACD(12,26)
5.750
Buy
ADX(14)
22.682
Sell
Williams %R
-96.527
Oversold
CCI(14)
-187.0655
Sell
ATR(14)
21.7215
Less Volatility
Highs/Lows(14)
-35.9287
Sell
Ultimate Oscillator
26.469
Oversold
ROC
-4.085
Sell
Bull/Bear Power(13)
-61.7620
Sell
Buy: 1
Sell: 7
Neutral: 0


Summary:Strong Sell
Moving AveragesMay 04, 2022 05:20AM GMT
Period
Simple
Exponential
MA5
2207.55
Sell
2203.42
Sell
MA10
2221.40
Sell
2217.22
Sell
MA20
2236.20
Sell
2216.70
Sell
MA50
2180.25
Buy
2199.24
Sell
MA100
2170.70
Buy
2171.30
Buy
MA200
2124.99
Buy
2151.12
Buy
Buy: 5
Sell: 7


Summary:Sell","Volume: 469,841
Bid/Ask: 2,186.80 / 2,187.00
Day's Range: 2,182.65 - 2,250.85"
2022-05-04 05:26:00.000059,"2,188.85 -41.65    -1.87%
01:25:42 - Real-time Data. Currency in INR ( Disclaimer )
Type:  Equity
Market:  India
ISIN:  INE030A01027
S/N:  HINDUNILVR","Summary:Strong Sell
Moving Averages:SellBuy (5)Sell (7)
Technical Indicators:Strong SellBuy (1)Sell (7)
Pivot PointsMay 04, 2022 05:20AM GMT
Name
S3
S2
S1
Pivot Points
R1
R2
R3
Classic
2149.15
2166.30
2176.30
2193.45
2203.45
2220.60
2230.60
Fibonacci
2166.30
2176.67
2183.08
2193.45
2203.82
2210.23
2220.60
Camarilla
2178.83
2181.32
2183.81
2193.45
2188.79
2191.28
2193.77
Woodie's
2145.57
2164.51
2172.72
2191.66
2199.87
2218.81
2227.02
DeMark's
-
-
2171.30
2190.95
2198.45
-
-
Technical IndicatorsMay 04, 2022 05:20AM GMT
Name
Value
Action
RSI(14)
40.677
Sell
STOCH(9,6)
30.877
Sell
STOCHRSI(14)
0.941
Oversold
MACD(12,26)
5.750
Buy
ADX(14)
22.682
Sell
Williams %R
-96.527
Oversold
CCI(14)
-187.0655
Sell
ATR(14)
21.7215
Less Volatility
Highs/Lows(14)
-35.9287
Sell
Ultimate Oscillator
26.469
Oversold
ROC
-4.085
Sell
Bull/Bear Power(13)
-61.7620
Sell
Buy: 1
Sell: 7
Neutral: 0


Summary:Strong Sell
Moving AveragesMay 04, 2022 05:20AM GMT
Period
Simple
Exponential
MA5
2207.55
Sell
2203.42
Sell
MA10
2221.40
Sell
2217.22
Sell
MA20
2236.20
Sell
2216.70
Sell
MA50
2180.25
Buy
2199.24
Sell
MA100
2170.70
Buy
2171.30
Buy
MA200
2124.99
Buy
2151.12
Buy
Buy: 5
Sell: 7


Summary:Sell","Volume: 474,385
Bid/Ask: 2,188.20 / 2,188.85
Day's Range: 2,182.65 - 2,250.85"
2022-05-04 05:28:00.000054,"2,190.05 -40.45    -1.81%
01:27:40 - Real-time Data. Currency in INR ( Disclaimer )
Type:  Equity
Market:  India
ISIN:  INE030A01027
S/N:  HINDUNILVR","Summary:Strong Sell
Moving Averages:SellBuy (5)Sell (7)
Technical Indicators:Strong SellBuy (1)Sell (7)
Pivot PointsMay 04, 2022 05:20AM GMT
Name
S3
S2
S1
Pivot Points
R1
R2
R3
Classic
2149.15
2166.30
2176.30
2193.45
2203.45
2220.60
2230.60
Fibonacci
2166.30
2176.67
2183.08
2193.45
2203.82
2210.23
2220.60
Camarilla
2178.83
2181.32
2183.81
2193.45
2188.79
2191.28
2193.77
Woodie's
2145.57
2164.51
2172.72
2191.66
2199.87
2218.81
2227.02
DeMark's
-
-
2171.30
2190.95
2198.45
-
-
Technical IndicatorsMay 04, 2022 05:20AM GMT
Name
Value
Action
RSI(14)
40.677
Sell
STOCH(9,6)
30.877
Sell
STOCHRSI(14)
0.941
Oversold
MACD(12,26)
5.750
Buy
ADX(14)
22.682
Sell
Williams %R
-96.527
Oversold
CCI(14)
-187.0655
Sell
ATR(14)
21.7215
Less Volatility
Highs/Lows(14)
-35.9287
Sell
Ultimate Oscillator
26.469
Oversold
ROC
-4.085
Sell
Bull/Bear Power(13)
-61.7620
Sell
Buy: 1
Sell: 7
Neutral: 0


Summary:Strong Sell
Moving AveragesMay 04, 2022 05:20AM GMT
Period
Simple
Exponential
MA5
2207.55
Sell
2203.42
Sell
MA10
2221.40
Sell
2217.22
Sell
MA20
2236.20
Sell
2216.70
Sell
MA50
2180.25
Buy
2199.24
Sell
MA100
2170.70
Buy
2171.30
Buy
MA200
2124.99
Buy
2151.12
Buy
Buy: 5
Sell: 7


Summary:Sell","Volume: 476,864
Bid/Ask: 2,189.60 / 2,190.65
Day's Range: 2,182.65 - 2,250.85"
2022-05-04 05:30:00.000053,"2,191.10 -39.40    -1.77%
01:29:41 - Real-time Data. Currency in INR ( Disclaimer )
Type:  Equity
Market:  India
ISIN:  INE030A01027
S/N:  HINDUNILVR","Summary:Strong Sell
Moving Averages:SellBuy (5)Sell (7)
Technical Indicators:Strong SellBuy (1)Sell (7)
Pivot PointsMay 04, 2022 05:20AM GMT
Name
S3
S2
S1
Pivot Points
R1
R2
R3
Classic
2149.15
2166.30
2176.30
2193.45
2203.45
2220.60
2230.60
Fibonacci
2166.30
2176.67
2183.08
2193.45
2203.82
2210.23
2220.60
Camarilla
2178.83
2181.32
2183.81
2193.45
2188.79
2191.28
2193.77
Woodie's
2145.57
2164.51
2172.72
2191.66
2199.87
2218.81
2227.02
DeMark's
-
-
2171.30
2190.95
2198.45
-
-
Technical IndicatorsMay 04, 2022 05:20AM GMT
Name
Value
Action
RSI(14)
40.677
Sell
STOCH(9,6)
30.877
Sell
STOCHRSI(14)
0.941
Oversold
MACD(12,26)
5.750
Buy
ADX(14)
22.682
Sell
Williams %R
-96.527
Oversold
CCI(14)
-187.0655
Sell
ATR(14)
21.7215
Less Volatility
Highs/Lows(14)
-35.9287
Sell
Ultimate Oscillator
26.469
Oversold
ROC
-4.085
Sell
Bull/Bear Power(13)
-61.7620
Sell
Buy: 1
Sell: 7
Neutral: 0


Summary:Strong Sell
Moving AveragesMay 04, 2022 05:20AM GMT
Period
Simple
Exponential
MA5
2207.55
Sell
2203.42
Sell
MA10
2221.40
Sell
2217.22
Sell
MA20
2236.20
Sell
2216.70
Sell
MA50
2180.25
Buy
2199.24
Sell
MA100
2170.70
Buy
2171.30
Buy
MA200
2124.99
Buy
2151.12
Buy
Buy: 5
Sell: 7


Summary:Sell","Volume: 480,146
Bid/Ask: 2,190.50 / 2,191.10
Day's Range: 2,182.65 - 2,250.85"
2022-05-04 05:32:00.000060,"2,192.60 -37.90    -1.70%
01:31:41 - Real-time Data. Currency in INR ( Disclaimer )
Type:  Equity
Market:  India
ISIN:  INE030A01027
S/N:  HINDUNILVR","Summary:Strong Sell
Moving Averages:SellBuy (5)Sell (7)
Technical Indicators:Strong SellBuy (1)Sell (7)
Pivot PointsMay 04, 2022 05:30AM GMT
Name
S3
S2
S1
Pivot Points
R1
R2
R3
Classic
2149.15
2166.30
2176.30
2193.45
2203.45
2220.60
2230.60
Fibonacci
2166.30
2176.67
2183.08
2193.45
2203.82
2210.23
2220.60
Camarilla
2178.83
2181.32
2183.81
2193.45
2188.79
2191.28
2193.77
Woodie's
2145.57
2164.51
2172.72
2191.66
2199.87
2218.81
2227.02
DeMark's
-
-
2171.30
2190.95
2198.45
-
-
Technical IndicatorsMay 04, 2022 05:30AM GMT
Name
Value
Action
RSI(14)
42.110
Sell
STOCH(9,6)
31.838
Sell
STOCHRSI(14)
5.182
Oversold
MACD(12,26)
6.070
Buy
ADX(14)
22.682
Sell
Williams %R
-92.820
Oversold
CCI(14)
-183.1096
Sell
ATR(14)
21.7215
Less Volatility
Highs/Lows(14)
-31.9785
Sell
Ultimate Oscillator
28.619
Oversold
ROC
-3.912
Sell
Bull/Bear Power(13)
-62.8900
Sell
Buy: 1
Sell: 7
Neutral: 0


Summary:Strong Sell
Moving AveragesMay 04, 2022 05:30AM GMT
Period
Simple
Exponential
MA5
2208.34
Sell
2204.74
Sell
MA10
2221.80
Sell
2217.94
Sell
MA20
2236.40
Sell
2217.08
Sell
MA50
2180.33
Buy
2199.39
Sell
MA100
2170.74
Buy
2171.38
Buy
MA200
2125.01
Buy
2151.16
Buy
Buy: 5
Sell: 7


Summary:Sell","Volume: 483,300
Bid/Ask: 2,192.35 / 2,192.60
Day's Range: 2,182.65 - 2,250.85"
2022-05-04 05:34:00.000052,"2,191.95 -38.55    -1.73%
01:33:37 - Real-time Data. Currency in INR ( Disclaimer )
Type:  Equity
Market:  India
ISIN:  INE030A01027
S/N:  HINDUNILVR","Summary:Strong Sell
Moving Averages:SellBuy (5)Sell (7)
Technical Indicators:Strong SellBuy (1)Sell (7)
Pivot PointsMay 04, 2022 05:30AM GMT
Name
S3
S2
S1
Pivot Points
R1
R2
R3
Classic
2149.15
2166.30
2176.30
2193.45
2203.45
2220.60
2230.60
Fibonacci
2166.30
2176.67
2183.08
2193.45
2203.82
2210.23
2220.60
Camarilla
2178.83
2181.32
2183.81
2193.45
2188.79
2191.28
2193.77
Woodie's
2145.57
2164.51
2172.72
2191.66
2199.87
2218.81
2227.02
DeMark's
-
-
2171.30
2190.95
2198.45
-
-
Technical IndicatorsMay 04, 2022 05:30AM GMT
Name
Value
Action
RSI(14)
42.110
Sell
STOCH(9,6)
31.838
Sell
STOCHRSI(14)
5.182
Oversold
MACD(12,26)
6.070
Buy
ADX(14)
22.682
Sell
Williams %R
-92.820
Oversold
CCI(14)
-183.1096
Sell
ATR(14)
21.7215
Less Volatility
Highs/Lows(14)
-31.9785
Sell
Ultimate Oscillator
28.619
Oversold
ROC
-3.912
Sell
Bull/Bear Power(13)
-62.8900
Sell
Buy: 1
Sell: 7
Neutral: 0


Summary:Strong Sell
Moving AveragesMay 04, 2022 05:30AM GMT
Period
Simple
Exponential
MA5
2208.34
Sell
2204.74
Sell
MA10
2221.80
Sell
2217.94
Sell
MA20
2236.40
Sell
2217.08
Sell
MA50
2180.33
Buy
2199.39
Sell
MA100
2170.74
Buy
2171.38
Buy
MA200
2125.01
Buy
2151.16
Buy
Buy: 5
Sell: 7


Summary:Sell","Volume: 487,045
Bid/Ask: 2,191.40 / 2,192.00
Day's Range: 2,182.65 - 2,250.85"
2022-05-04 05:36:00.000053,"2,195.40 -35.10    -1.57%
01:35:43 - Real-time Data. Currency in INR ( Disclaimer )
Type:  Equity
Market:  India
ISIN:  INE030A01027
S/N:  HINDUNILVR","Summary:Strong Sell
Moving Averages:SellBuy (5)Sell (7)
Technical Indicators:Strong SellBuy (1)Sell (7)
Pivot PointsMay 04, 2022 05:30AM GMT
Name
S3
S2
S1
Pivot Points
R1
R2
R3
Classic
2149.15
2166.30
2176.30
2193.45
2203.45
2220.60
2230.60
Fibonacci
2166.30
2176.67
2183.08
2193.45
2203.82
2210.23
2220.60
Camarilla
2178.83
2181.32
2183.81
2193.45
2188.79
2191.28
2193.77
Woodie's
2145.57
2164.51
2172.72
2191.66
2199.87
2218.81
2227.02
DeMark's
-
-
2171.30
2190.95
2198.45
-
-
Technical IndicatorsMay 04, 2022 05:30AM GMT
Name
Value
Action
RSI(14)
42.110
Sell
STOCH(9,6)
31.838
Sell
STOCHRSI(14)
5.182
Oversold
MACD(12,26)
6.070
Buy
ADX(14)
22.682
Sell
Williams %R
-92.820
Oversold
CCI(14)
-183.1096
Sell
ATR(14)
21.7215
Less Volatility
Highs/Lows(14)
-31.9785
Sell
Ultimate Oscillator
28.619
Oversold
ROC
-3.912
Sell
Bull/Bear Power(13)
-62.8900
Sell
Buy: 1
Sell: 7
Neutral: 0


Summary:Strong Sell
Moving AveragesMay 04, 2022 05:30AM GMT
Period
Simple
Exponential
MA5
2208.34
Sell
2204.74
Sell
MA10
2221.80
Sell
2217.94
Sell
MA20
2236.40
Sell
2217.08
Sell
MA50
2180.33
Buy
2199.39
Sell
MA100
2170.74
Buy
2171.38
Buy
MA200
2125.01
Buy
2151.16
Buy
Buy: 5
Sell: 7


Summary:Sell","Volume: 493,595
Bid/Ask: 2,194.55 / 2,195.40
Day's Range: 2,182.65 - 2,250.85"
2022-05-04 05:38:00.000051,"2,194.80 -35.70    -1.60%
01:37:38 - Real-time Data. Currency in INR ( Disclaimer )
Type:  Equity
Market:  India
ISIN:  INE030A01027
S/N:  HINDUNILVR","Summary:Strong Sell
Moving Averages:SellBuy (5)Sell (7)
Technical Indicators:Strong SellBuy (1)Sell (7)
Pivot PointsMay 04, 2022 05:30AM GMT
Name
S3
S2
S1
Pivot Points
R1
R2
R3
Classic
2149.15
2166.30
2176.30
2193.45
2203.45
2220.60
2230.60
Fibonacci
2166.30
2176.67
2183.08
2193.45
2203.82
2210.23
2220.60
Camarilla
2178.83
2181.32
2183.81
2193.45
2188.79
2191.28
2193.77
Woodie's
2145.57
2164.51
2172.72
2191.66
2199.87
2218.81
2227.02
DeMark's
-
-
2171.30
2190.95
2198.45
-
-
Technical IndicatorsMay 04, 2022 05:30AM GMT
Name
Value
Action
RSI(14)
42.110
Sell
STOCH(9,6)
31.838
Sell
STOCHRSI(14)
5.182
Oversold
MACD(12,26)
6.070
Buy
ADX(14)
22.682
Sell
Williams %R
-92.820
Oversold
CCI(14)
-183.1096
Sell
ATR(14)
21.7215
Less Volatility
Highs/Lows(14)
-31.9785
Sell
Ultimate Oscillator
28.619
Oversold
ROC
-3.912
Sell
Bull/Bear Power(13)
-62.8900
Sell
Buy: 1
Sell: 7
Neutral: 0


Summary:Strong Sell
Moving AveragesMay 04, 2022 05:30AM GMT
Period
Simple
Exponential
MA5
2208.34
Sell
2204.74
Sell
MA10
2221.80
Sell
2217.94
Sell
MA20
2236.40
Sell
2217.08
Sell
MA50
2180.33
Buy
2199.39
Sell
MA100
2170.74
Buy
2171.38
Buy
MA200
2125.01
Buy
2151.16
Buy
Buy: 5
Sell: 7


Summary:Sell","Volume: 497,361
Bid/Ask: 2,194.00 / 2,194.80
Day's Range: 2,182.65 - 2,250.85"
2022-05-04 05:40:00.000059,"2,196.90 -33.60    -1.51%
01:39:42 - Real-time Data. Currency in INR ( Disclaimer )
Type:  Equity
Market:  India
ISIN:  INE030A01027
S/N:  HINDUNILVR","Summary:Strong Sell
Moving Averages:SellBuy (5)Sell (7)
Technical Indicators:Strong SellBuy (1)Sell (7)
Pivot PointsMay 04, 2022 05:30AM GMT
Name
S3
S2
S1
Pivot Points
R1
R2
R3
Classic
2149.15
2166.30
2176.30
2193.45
2203.45
2220.60
2230.60
Fibonacci
2166.30
2176.67
2183.08
2193.45
2203.82
2210.23
2220.60
Camarilla
2178.83
2181.32
2183.81
2193.45
2188.79
2191.28
2193.77
Woodie's
2145.57
2164.51
2172.72
2191.66
2199.87
2218.81
2227.02
DeMark's
-
-
2171.30
2190.95
2198.45
-
-
Technical IndicatorsMay 04, 2022 05:30AM GMT
Name
Value
Action
RSI(14)
42.110
Sell
STOCH(9,6)
31.838
Sell
STOCHRSI(14)
5.182
Oversold
MACD(12,26)
6.070
Buy
ADX(14)
22.682
Sell
Williams %R
-92.820
Oversold
CCI(14)
-183.1096
Sell
ATR(14)
21.7215
Less Volatility
Highs/Lows(14)
-31.9785
Sell
Ultimate Oscillator
28.619
Oversold
ROC
-3.912
Sell
Bull/Bear Power(13)
-62.8900
Sell
Buy: 1
Sell: 7
Neutral: 0


Summary:Strong Sell
Moving AveragesMay 04, 2022 05:30AM GMT
Period
Simple
Exponential
MA5
2208.34
Sell
2204.74
Sell
MA10
2221.80
Sell
2217.94
Sell
MA20
2236.40
Sell
2217.08
Sell
MA50
2180.33
Buy
2199.39
Sell
MA100
2170.74
Buy
2171.38
Buy
MA200
2125.01
Buy
2151.16
Buy
Buy: 5
Sell: 7


Summary:Sell","Volume: 511,426
Bid/Ask: 2,196.65 / 2,196.90
Day's Range: 2,182.65 - 2,250.85"
2022-05-04 05:42:00.000065,"2,193.30 -37.20    -1.67%
01:41:41 - Real-time Data. Currency in INR ( Disclaimer )
Type:  Equity
Market:  India
ISIN:  INE030A01027
S/N:  HINDUNILVR","Summary:Strong Sell
Moving Averages:SellBuy (5)Sell (7)
Technical Indicators:Strong SellBuy (1)Sell (7)
Pivot PointsMay 04, 2022 05:40AM GMT
Name
S3
S2
S1
Pivot Points
R1
R2
R3
Classic
2149.15
2166.30
2176.30
2193.45
2203.45
2220.60
2230.60
Fibonacci
2166.30
2176.67
2183.08
2193.45
2203.82
2210.23
2220.60
Camarilla
2178.83
2181.32
2183.81
2193.45
2188.79
2191.28
2193.77
Woodie's
2145.57
2164.51
2172.72
2191.66
2199.87
2218.81
2227.02
DeMark's
-
-
2171.30
2190.95
2198.45
-
-
Technical IndicatorsMay 04, 2022 05:40AM GMT
Name
Value
Action
RSI(14)
43.390
Sell
STOCH(9,6)
32.737
Sell
STOCHRSI(14)
8.970
Oversold
MACD(12,26)
6.360
Buy
ADX(14)
22.682
Sell
Williams %R
-89.348
Oversold
CCI(14)
-173.7835
Sell
ATR(14)
22.1107
Less Volatility
Highs/Lows(14)
-28.2785
Sell
Ultimate Oscillator
29.866
Oversold
ROC
-3.750
Sell
Bull/Bear Power(13)
-58.4960
Sell
Buy: 1
Sell: 7
Neutral: 0


Summary:Strong Sell
Moving AveragesMay 04, 2022 05:40AM GMT
Period
Simple
Exponential
MA5
2209.08
Sell
2205.97
Sell
MA10
2222.17
Sell
2218.61
Sell
MA20
2236.58
Sell
2217.43
Sell
MA50
2180.41
Buy
2199.54
Sell
MA100
2170.78
Buy
2171.45
Buy
MA200
2125.03
Buy
2151.19
Buy
Buy: 5
Sell: 7


Summary:Sell","Volume: 516,409
Bid/Ask: 2,193.30 / 2,193.60
Day's Range: 2,182.65 - 2,250.85"
2022-05-04 05:44:00.000063,"2,194.80 -35.70    -1.60%
01:43:41 - Real-time Data. Currency in INR ( Disclaimer )
Type:  Equity
Market:  India
ISIN:  INE030A01027
S/N:  HINDUNILVR","Summary:Strong Sell
Moving Averages:SellBuy (5)Sell (7)
Technical Indicators:Strong SellBuy (1)Sell (7)
Pivot PointsMay 04, 2022 05:40AM GMT
Name
S3
S2
S1
Pivot Points
R1
R2
R3
Classic
2149.15
2166.30
2176.30
2193.45
2203.45
2220.60
2230.60
Fibonacci
2166.30
2176.67
2183.08
2193.45
2203.82
2210.23
2220.60
Camarilla
2178.83
2181.32
2183.81
2193.45
2188.79
2191.28
2193.77
Woodie's
2145.57
2164.51
2172.72
2191.66
2199.87
2218.81
2227.02
DeMark's
-
-
2171.30
2190.95
2198.45
-
-
Technical IndicatorsMay 04, 2022 05:40AM GMT
Name
Value
Action
RSI(14)
43.390
Sell
STOCH(9,6)
32.737
Sell
STOCHRSI(14)
8.970
Oversold
MACD(12,26)
6.360
Buy
ADX(14)
22.682
Sell
Williams %R
-89.348
Oversold
CCI(14)
-173.7835
Sell
ATR(14)
22.1107
Less Volatility
Highs/Lows(14)
-28.2785
Sell
Ultimate Oscillator
29.866
Oversold
ROC
-3.750
Sell
Bull/Bear Power(13)
-58.4960
Sell
Buy: 1
Sell: 7
Neutral: 0


Summary:Strong Sell
Moving AveragesMay 04, 2022 05:40AM GMT
Period
Simple
Exponential
MA5
2209.08
Sell
2205.97
Sell
MA10
2222.17
Sell
2218.61
Sell
MA20
2236.58
Sell
2217.43
Sell
MA50
2180.41
Buy
2199.54
Sell
MA100
2170.78
Buy
2171.45
Buy
MA200
2125.03
Buy
2151.19
Buy
Buy: 5
Sell: 7


Summary:Sell","Volume: 518,973
Bid/Ask: 2,194.65 / 2,194.80
Day's Range: 2,182.65 - 2,250.85"
2022-05-04 05:46:00.000065,"2,193.85 -36.65    -1.64%
01:45:42 - Real-time Data. Currency in INR ( Disclaimer )
Type:  Equity
Market:  India
ISIN:  INE030A01027
S/N:  HINDUNILVR","Summary:Strong Sell
Moving Averages:SellBuy (5)Sell (7)
Technical Indicators:Strong SellBuy (1)Sell (7)
Pivot PointsMay 04, 2022 05:40AM GMT
Name
S3
S2
S1
Pivot Points
R1
R2
R3
Classic
2149.15
2166.30
2176.30
2193.45
2203.45
2220.60
2230.60
Fibonacci
2166.30
2176.67
2183.08
2193.45
2203.82
2210.23
2220.60
Camarilla
2178.83
2181.32
2183.81
2193.45
2188.79
2191.28
2193.77
Woodie's
2145.57
2164.51
2172.72
2191.66
2199.87
2218.81
2227.02
DeMark's
-
-
2171.30
2190.95
2198.45
-
-
Technical IndicatorsMay 04, 2022 05:40AM GMT
Name
Value
Action
RSI(14)
43.390
Sell
STOCH(9,6)
32.737
Sell
STOCHRSI(14)
8.970
Oversold
MACD(12,26)
6.360
Buy
ADX(14)
22.682
Sell
Williams %R
-89.348
Oversold
CCI(14)
-173.7835
Sell
ATR(14)
22.1107
Less Volatility
Highs/Lows(14)
-28.2785
Sell
Ultimate Oscillator
29.866
Oversold
ROC
-3.750
Sell
Bull/Bear Power(13)
-58.4960
Sell
Buy: 1
Sell: 7
Neutral: 0


Summary:Strong Sell
Moving AveragesMay 04, 2022 05:40AM GMT
Period
Simple
Exponential
MA5
2209.08
Sell
2205.97
Sell
MA10
2222.17
Sell
2218.61
Sell
MA20
2236.58
Sell
2217.43
Sell
MA50
2180.41
Buy
2199.54
Sell
MA100
2170.78
Buy
2171.45
Buy
MA200
2125.03
Buy
2151.19
Buy
Buy: 5
Sell: 7


Summary:Sell","Volume: 522,425
Bid/Ask: 2,193.05 / 2,193.85
Day's Range: 2,182.65 - 2,250.85"
2022-05-04 05:48:00.000084,"2,193.60 -36.90    -1.65%
01:47:42 - Real-time Data. Currency in INR ( Disclaimer )
Type:  Equity
Market:  India
ISIN:  INE030A01027
S/N:  HINDUNILVR","Summary:Strong Sell
Moving Averages:SellBuy (5)Sell (7)
Technical Indicators:Strong SellBuy (1)Sell (7)
Pivot PointsMay 04, 2022 05:40AM GMT
Name
S3
S2
S1
Pivot Points
R1
R2
R3
Classic
2149.15
2166.30
2176.30
2193.45
2203.45
2220.60
2230.60
Fibonacci
2166.30
2176.67
2183.08
2193.45
2203.82
2210.23
2220.60
Camarilla
2178.83
2181.32
2183.81
2193.45
2188.79
2191.28
2193.77
Woodie's
2145.57
2164.51
2172.72
2191.66
2199.87
2218.81
2227.02
DeMark's
-
-
2171.30
2190.95
2198.45
-
-
Technical IndicatorsMay 04, 2022 05:40AM GMT
Name
Value
Action
RSI(14)
43.390
Sell
STOCH(9,6)
32.737
Sell
STOCHRSI(14)
8.970
Oversold
MACD(12,26)
6.360
Buy
ADX(14)
22.682
Sell
Williams %R
-89.348
Oversold
CCI(14)
-173.7835
Sell
ATR(14)
22.1107
Less Volatility
Highs/Lows(14)
-28.2785
Sell
Ultimate Oscillator
29.866
Oversold
ROC
-3.750
Sell
Bull/Bear Power(13)
-58.4960
Sell
Buy: 1
Sell: 7
Neutral: 0


Summary:Strong Sell
Moving AveragesMay 04, 2022 05:40AM GMT
Period
Simple
Exponential
MA5
2209.08
Sell
2205.97
Sell
MA10
2222.17
Sell
2218.61
Sell
MA20
2236.58
Sell
2217.43
Sell
MA50
2180.41
Buy
2199.54
Sell
MA100
2170.78
Buy
2171.45
Buy
MA200
2125.03
Buy
2151.19
Buy
Buy: 5
Sell: 7


Summary:Sell","Volume: 533,527
Bid/Ask: 2,193.50 / 2,193.70
Day's Range: 2,182.65 - 2,250.85"
2022-05-04 05:50:00.000068,"2,195.00 -35.50    -1.59%
01:49:42 - Real-time Data. Currency in INR ( Disclaimer )
Type:  Equity
Market:  India
ISIN:  INE030A01027
S/N:  HINDUNILVR","Summary:Strong Sell
Moving Averages:SellBuy (5)Sell (7)
Technical Indicators:Strong SellBuy (1)Sell (7)
Pivot PointsMay 04, 2022 05:40AM GMT
Name
S3
S2
S1
Pivot Points
R1
R2
R3
Classic
2149.15
2166.30
2176.30
2193.45
2203.45
2220.60
2230.60
Fibonacci
2166.30
2176.67
2183.08
2193.45
2203.82
2210.23
2220.60
Camarilla
2178.83
2181.32
2183.81
2193.45
2188.79
2191.28
2193.77
Woodie's
2145.57
2164.51
2172.72
2191.66
2199.87
2218.81
2227.02
DeMark's
-
-
2171.30
2190.95
2198.45
-
-
Technical IndicatorsMay 04, 2022 05:40AM GMT
Name
Value
Action
RSI(14)
43.390
Sell
STOCH(9,6)
32.737
Sell
STOCHRSI(14)
8.970
Oversold
MACD(12,26)
6.360
Buy
ADX(14)
22.682
Sell
Williams %R
-89.348
Oversold
CCI(14)
-173.7835
Sell
ATR(14)
22.1107
Less Volatility
Highs/Lows(14)
-28.2785
Sell
Ultimate Oscillator
29.866
Oversold
ROC
-3.750
Sell
Bull/Bear Power(13)
-58.4960
Sell
Buy: 1
Sell: 7
Neutral: 0


Summary:Strong Sell
Moving AveragesMay 04, 2022 05:40AM GMT
Period
Simple
Exponential
MA5
2209.08
Sell
2205.97
Sell
MA10
2222.17
Sell
2218.61
Sell
MA20
2236.58
Sell
2217.43
Sell
MA50
2180.41
Buy
2199.54
Sell
MA100
2170.78
Buy
2171.45
Buy
MA200
2125.03
Buy
2151.19
Buy
Buy: 5
Sell: 7


Summary:Sell","Volume: 540,075
Bid/Ask: 2,194.80 / 2,195.00
Day's Range: 2,182.65 - 2,250.85"
2022-05-04 05:52:00.000055,"2,195.50 -35.00    -1.57%
01:51:40 - Real-time Data. Currency in INR ( Disclaimer )
Type:  Equity
Market:  India
ISIN:  INE030A01027
S/N:  HINDUNILVR","Summary:Strong Sell
Moving Averages:SellBuy (5)Sell (7)
Technical Indicators:Strong SellBuy (1)Sell (8)
Pivot PointsMay 04, 2022 05:50AM GMT
Name
S3
S2
S1
Pivot Points
R1
R2
R3
Classic
2149.15
2166.30
2176.30
2193.45
2203.45
2220.60
2230.60
Fibonacci
2166.30
2176.67
2183.08
2193.45
2203.82
2210.23
2220.60
Camarilla
2178.83
2181.32
2183.81
2193.45
2188.79
2191.28
2193.77
Woodie's
2145.57
2164.51
2172.72
2191.66
2199.87
2218.81
2227.02
DeMark's
-
-
2171.30
2190.95
2198.45
-
-
Technical IndicatorsMay 04, 2022 05:50AM GMT
Name
Value
Action
RSI(14)
43.643
Sell
STOCH(9,6)
32.920
Sell
STOCHRSI(14)
9.719
Oversold
MACD(12,26)
6.420
Buy
ADX(14)
22.682
Sell
Williams %R
-88.644
Oversold
CCI(14)
-173.0088
Sell
ATR(14)
22.1107
Less Volatility
Highs/Lows(14)
-27.5285
Sell
Ultimate Oscillator
30.260
Sell
ROC
-3.717
Sell
Bull/Bear Power(13)
-58.7120
Sell
Buy: 1
Sell: 8
Neutral: 0


Summary:Strong Sell
Moving AveragesMay 04, 2022 05:50AM GMT
Period
Simple
Exponential
MA5
2209.23
Sell
2206.22
Sell
MA10
2222.24
Sell
2218.75
Sell
MA20
2236.62
Sell
2217.50
Sell
MA50
2180.42
Buy
2199.57
Sell
MA100
2170.78
Buy
2171.46
Buy
MA200
2125.03
Buy
2151.20
Buy
Buy: 5
Sell: 7


Summary:Sell","Volume: 543,680
Bid/Ask: 2,195.40 / 2,195.50
Day's Range: 2,182.65 - 2,250.85"
2022-05-04 05:54:00.000053,"2,195.35 -35.15    -1.58%
01:53:41 - Real-time Data. Currency in INR ( Disclaimer )
Type:  Equity
Market:  India
ISIN:  INE030A01027
S/N:  HINDUNILVR","Summary:Strong Sell
Moving Averages:SellBuy (5)Sell (7)
Technical Indicators:Strong SellBuy (1)Sell (8)
Pivot PointsMay 04, 2022 05:50AM GMT
Name
S3
S2
S1
Pivot Points
R1
R2
R3
Classic
2149.15
2166.30
2176.30
2193.45
2203.45
2220.60
2230.60
Fibonacci
2166.30
2176.67
2183.08
2193.45
2203.82
2210.23
2220.60
Camarilla
2178.83
2181.32
2183.81
2193.45
2188.79
2191.28
2193.77
Woodie's
2145.57
2164.51
2172.72
2191.66
2199.87
2218.81
2227.02
DeMark's
-
-
2171.30
2190.95
2198.45
-
-
Technical IndicatorsMay 04, 2022 05:50AM GMT
Name
Value
Action
RSI(14)
43.643
Sell
STOCH(9,6)
32.920
Sell
STOCHRSI(14)
9.719
Oversold
MACD(12,26)
6.420
Buy
ADX(14)
22.682
Sell
Williams %R
-88.644
Oversold
CCI(14)
-173.0088
Sell
ATR(14)
22.1107
Less Volatility
Highs/Lows(14)
-27.5285
Sell
Ultimate Oscillator
30.260
Sell
ROC
-3.717
Sell
Bull/Bear Power(13)
-58.7120
Sell
Buy: 1
Sell: 8
Neutral: 0


Summary:Strong Sell
Moving AveragesMay 04, 2022 05:50AM GMT
Period
Simple
Exponential
MA5
2209.23
Sell
2206.22
Sell
MA10
2222.24
Sell
2218.75
Sell
MA20
2236.62
Sell
2217.50
Sell
MA50
2180.42
Buy
2199.57
Sell
MA100
2170.78
Buy
2171.46
Buy
MA200
2125.03
Buy
2151.20
Buy
Buy: 5
Sell: 7


Summary:Sell","Volume: 552,771
Bid/Ask: 2,195.00 / 2,195.35
Day's Range: 2,182.65 - 2,250.85"
2022-05-04 05:56:00.000053,"2,195.70 -34.80    -1.56%
01:55:42 - Real-time Data. Currency in INR ( Disclaimer )
Type:  Equity
Market:  India
ISIN:  INE030A01027
S/N:  HINDUNILVR","Summary:Strong Sell
Moving Averages:SellBuy (5)Sell (7)
Technical Indicators:Strong SellBuy (1)Sell (8)
Pivot PointsMay 04, 2022 05:50AM GMT
Name
S3
S2
S1
Pivot Points
R1
R2
R3
Classic
2149.15
2166.30
2176.30
2193.45
2203.45
2220.60
2230.60
Fibonacci
2166.30
2176.67
2183.08
2193.45
2203.82
2210.23
2220.60
Camarilla
2178.83
2181.32
2183.81
2193.45
2188.79
2191.28
2193.77
Woodie's
2145.57
2164.51
2172.72
2191.66
2199.87
2218.81
2227.02
DeMark's
-
-
2171.30
2190.95
2198.45
-
-
Technical IndicatorsMay 04, 2022 05:50AM GMT
Name
Value
Action
RSI(14)
43.643
Sell
STOCH(9,6)
32.920
Sell
STOCHRSI(14)
9.719
Oversold
MACD(12,26)
6.420
Buy
ADX(14)
22.682
Sell
Williams %R
-88.644
Oversold
CCI(14)
-173.0088
Sell
ATR(14)
22.1107
Less Volatility
Highs/Lows(14)
-27.5285
Sell
Ultimate Oscillator
30.260
Sell
ROC
-3.717
Sell
Bull/Bear Power(13)
-58.7120
Sell
Buy: 1
Sell: 8
Neutral: 0


Summary:Strong Sell
Moving AveragesMay 04, 2022 05:50AM GMT
Period
Simple
Exponential
MA5
2209.23
Sell
2206.22
Sell
MA10
2222.24
Sell
2218.75
Sell
MA20
2236.62
Sell
2217.50
Sell
MA50
2180.42
Buy
2199.57
Sell
MA100
2170.78
Buy
2171.46
Buy
MA200
2125.03
Buy
2151.20
Buy
Buy: 5
Sell: 7


Summary:Sell","Volume: 555,428
Bid/Ask: 2,195.50 / 2,195.70
Day's Range: 2,182.65 - 2,250.85"
2022-05-04 05:58:00.000049,"2,193.65 -36.85    -1.65%
01:57:30 - Real-time Data. Currency in INR ( Disclaimer )
Type:  Equity
Market:  India
ISIN:  INE030A01027
S/N:  HINDUNILVR","Summary:Strong Sell
Moving Averages:SellBuy (5)Sell (7)
Technical Indicators:Strong SellBuy (1)Sell (8)
Pivot PointsMay 04, 2022 05:50AM GMT
Name
S3
S2
S1
Pivot Points
R1
R2
R3
Classic
2149.15
2166.30
2176.30
2193.45
2203.45
2220.60
2230.60
Fibonacci
2166.30
2176.67
2183.08
2193.45
2203.82
2210.23
2220.60
Camarilla
2178.83
2181.32
2183.81
2193.45
2188.79
2191.28
2193.77
Woodie's
2145.57
2164.51
2172.72
2191.66
2199.87
2218.81
2227.02
DeMark's
-
-
2171.30
2190.95
2198.45
-
-
Technical IndicatorsMay 04, 2022 05:50AM GMT
Name
Value
Action
RSI(14)
43.643
Sell
STOCH(9,6)
32.920
Sell
STOCHRSI(14)
9.719
Oversold
MACD(12,26)
6.420
Buy
ADX(14)
22.682
Sell
Williams %R
-88.644
Oversold
CCI(14)
-173.0088
Sell
ATR(14)
22.1107
Less Volatility
Highs/Lows(14)
-27.5285
Sell
Ultimate Oscillator
30.260
Sell
ROC
-3.717
Sell
Bull/Bear Power(13)
-58.7120
Sell
Buy: 1
Sell: 8
Neutral: 0


Summary:Strong Sell
Moving AveragesMay 04, 2022 05:50AM GMT
Period
Simple
Exponential
MA5
2209.23
Sell
2206.22
Sell
MA10
2222.24
Sell
2218.75
Sell
MA20
2236.62
Sell
2217.50
Sell
MA50
2180.42
Buy
2199.57
Sell
MA100
2170.78
Buy
2171.46
Buy
MA200
2125.03
Buy
2151.20
Buy
Buy: 5
Sell: 7


Summary:Sell","Volume: 557,903
Bid/Ask: 2,193.60 / 2,194.55
Day's Range: 2,182.65 - 2,250.85"
2022-05-04 06:00:00.000071,"2,191.70 -38.80    -1.74%
01:59:30 - Real-time Data. Currency in INR ( Disclaimer )
Type:  Equity
Market:  India
ISIN:  INE030A01027
S/N:  HINDUNILVR","Summary:Strong Sell
Moving Averages:SellBuy (5)Sell (7)
Technical Indicators:Strong SellBuy (1)Sell (8)
Pivot PointsMay 04, 2022 05:50AM GMT
Name
S3
S2
S1
Pivot Points
R1
R2
R3
Classic
2149.15
2166.30
2176.30
2193.45
2203.45
2220.60
2230.60
Fibonacci
2166.30
2176.67
2183.08
2193.45
2203.82
2210.23
2220.60
Camarilla
2178.83
2181.32
2183.81
2193.45
2188.79
2191.28
2193.77
Woodie's
2145.57
2164.51
2172.72
2191.66
2199.87
2218.81
2227.02
DeMark's
-
-
2171.30
2190.95
2198.45
-
-
Technical IndicatorsMay 04, 2022 05:50AM GMT
Name
Value
Action
RSI(14)
43.643
Sell
STOCH(9,6)
32.920
Sell
STOCHRSI(14)
9.719
Oversold
MACD(12,26)
6.420
Buy
ADX(14)
22.682
Sell
Williams %R
-88.644
Oversold
CCI(14)
-173.0088
Sell
ATR(14)
22.1107
Less Volatility
Highs/Lows(14)
-27.5285
Sell
Ultimate Oscillator
30.260
Sell
ROC
-3.717
Sell
Bull/Bear Power(13)
-58.7120
Sell
Buy: 1
Sell: 8
Neutral: 0


Summary:Strong Sell
Moving AveragesMay 04, 2022 05:50AM GMT
Period
Simple
Exponential
MA5
2209.23
Sell
2206.22
Sell
MA10
2222.24
Sell
2218.75
Sell
MA20
2236.62
Sell
2217.50
Sell
MA50
2180.42
Buy
2199.57
Sell
MA100
2170.78
Buy
2171.46
Buy
MA200
2125.03
Buy
2151.20
Buy
Buy: 5
Sell: 7


Summary:Sell","Volume: 559,625
Bid/Ask: 2,191.75 / 2,192.40
Day's Range: 2,182.65 - 2,250.85"
2022-05-04 06:02:00.003629,"2,189.05 -41.45    -1.86%
02:01:37 - Real-time Data. Currency in INR ( Disclaimer )
Type:  Equity
Market:  India
ISIN:  INE030A01027
S/N:  HINDUNILVR","Summary:Strong Sell
Moving Averages:SellBuy (5)Sell (7)
Technical Indicators:Strong SellBuy (1)Sell (7)
Pivot PointsMay 04, 2022 06:00AM GMT
Name
S3
S2
S1
Pivot Points
R1
R2
R3
Classic
2171.54
2178.27
2185.24
2191.97
2198.94
2205.67
2212.64
Fibonacci
2178.27
2183.50
2186.74
2191.97
2197.20
2200.44
2205.67
Camarilla
2188.43
2189.69
2190.94
2191.97
2193.46
2194.71
2195.97
Woodie's
2171.64
2178.32
2185.34
2192.02
2199.04
2205.72
2212.74
DeMark's
-
-
2188.60
2193.65
2202.30
-
-
Technical IndicatorsMay 04, 2022 06:00AM GMT
Name
Value
Action
RSI(14)
42.496
Sell
STOCH(9,6)
27.327
Sell
STOCHRSI(14)
9.217
Oversold
MACD(12,26)
4.540
Buy
ADX(14)
26.203
Sell
Williams %R
-91.016
Oversold
CCI(14)
-175.4174
Sell
ATR(14)
21.3572
Less Volatility
Highs/Lows(14)
-24.6786
Sell
Ultimate Oscillator
25.354
Oversold
ROC
-3.855
Sell
Bull/Bear Power(13)
-49.6721
Sell
Buy: 1
Sell: 7
Neutral: 0


Summary:Strong Sell
Moving AveragesMay 04, 2022 06:00AM GMT
Period
Simple
Exponential
MA5
2201.50
Sell
2201.02
Sell
MA10
2217.98
Sell
2213.82
Sell
MA20
2234.21
Sell
2214.58
Sell
MA50
2182.86
Buy
2199.42
Sell
MA100
2171.35
Buy
2171.91
Buy
MA200
2126.12
Buy
2151.56
Buy
Buy: 5
Sell: 7


Summary:Sell","Volume: 564,799
Bid/Ask: 2,189.05 / 2,189.85
Day's Range: 2,182.65 - 2,250.85"
2022-05-04 06:04:00.000069,"2,190.00 -40.50    -1.82%
02:03:32 - Real-time Data. Currency in INR ( Disclaimer )
Type:  Equity
Market:  India
ISIN:  INE030A01027
S/N:  HINDUNILVR","Summary:Strong Sell
Moving Averages:SellBuy (5)Sell (7)
Technical Indicators:Strong SellBuy (1)Sell (7)
Pivot PointsMay 04, 2022 06:00AM GMT
Name
S3
S2
S1
Pivot Points
R1
R2
R3
Classic
2171.54
2178.27
2185.24
2191.97
2198.94
2205.67
2212.64
Fibonacci
2178.27
2183.50
2186.74
2191.97
2197.20
2200.44
2205.67
Camarilla
2188.43
2189.69
2190.94
2191.97
2193.46
2194.71
2195.97
Woodie's
2171.64
2178.32
2185.34
2192.02
2199.04
2205.72
2212.74
DeMark's
-
-
2188.60
2193.65
2202.30
-
-
Technical IndicatorsMay 04, 2022 06:00AM GMT
Name
Value
Action
RSI(14)
42.496
Sell
STOCH(9,6)
27.327
Sell
STOCHRSI(14)
9.217
Oversold
MACD(12,26)
4.540
Buy
ADX(14)
26.203
Sell
Williams %R
-91.016
Oversold
CCI(14)
-175.4174
Sell
ATR(14)
21.3572
Less Volatility
Highs/Lows(14)
-24.6786
Sell
Ultimate Oscillator
25.354
Oversold
ROC
-3.855
Sell
Bull/Bear Power(13)
-49.6721
Sell
Buy: 1
Sell: 7
Neutral: 0


Summary:Strong Sell
Moving AveragesMay 04, 2022 06:00AM GMT
Period
Simple
Exponential
MA5
2201.50
Sell
2201.02
Sell
MA10
2217.98
Sell
2213.82
Sell
MA20
2234.21
Sell
2214.58
Sell
MA50
2182.86
Buy
2199.42
Sell
MA100
2171.35
Buy
2171.91
Buy
MA200
2126.12
Buy
2151.56
Buy
Buy: 5
Sell: 7


Summary:Sell","Volume: 569,349
Bid/Ask: 2,189.55 / 2,190.00
Day's Range: 2,182.65 - 2,250.85"
2022-05-04 06:06:00.000052,"2,189.20 -41.30    -1.85%
02:05:42 - Real-time Data. Currency in INR ( Disclaimer )
Type:  Equity
Market:  India
ISIN:  INE030A01027
S/N:  HINDUNILVR","Summary:Strong Sell
Moving Averages:SellBuy (5)Sell (7)
Technical Indicators:Strong SellBuy (1)Sell (7)
Pivot PointsMay 04, 2022 06:00AM GMT
Name
S3
S2
S1
Pivot Points
R1
R2
R3
Classic
2171.54
2178.27
2185.24
2191.97
2198.94
2205.67
2212.64
Fibonacci
2178.27
2183.50
2186.74
2191.97
2197.20
2200.44
2205.67
Camarilla
2188.43
2189.69
2190.94
2191.97
2193.46
2194.71
2195.97
Woodie's
2171.64
2178.32
2185.34
2192.02
2199.04
2205.72
2212.74
DeMark's
-
-
2188.60
2193.65
2202.30
-
-
Technical IndicatorsMay 04, 2022 06:00AM GMT
Name
Value
Action
RSI(14)
42.496
Sell
STOCH(9,6)
27.327
Sell
STOCHRSI(14)
9.217
Oversold
MACD(12,26)
4.540
Buy
ADX(14)
26.203
Sell
Williams %R
-91.016
Oversold
CCI(14)
-175.4174
Sell
ATR(14)
21.3572
Less Volatility
Highs/Lows(14)
-24.6786
Sell
Ultimate Oscillator
25.354
Oversold
ROC
-3.855
Sell
Bull/Bear Power(13)
-49.6721
Sell
Buy: 1
Sell: 7
Neutral: 0


Summary:Strong Sell
Moving AveragesMay 04, 2022 06:00AM GMT
Period
Simple
Exponential
MA5
2201.50
Sell
2201.02
Sell
MA10
2217.98
Sell
2213.82
Sell
MA20
2234.21
Sell
2214.58
Sell
MA50
2182.86
Buy
2199.42
Sell
MA100
2171.35
Buy
2171.91
Buy
MA200
2126.12
Buy
2151.56
Buy
Buy: 5
Sell: 7


Summary:Sell","Volume: 573,427
Bid/Ask: 2,189.00 / 2,189.20
Day's Range: 2,182.65 - 2,250.85"
2022-05-04 06:08:00.000054,"2,192.00 -38.50    -1.73%
02:07:43 - Real-time Data. Currency in INR ( Disclaimer )
Type:  Equity
Market:  India
ISIN:  INE030A01027
S/N:  HINDUNILVR","Summary:Strong Sell
Moving Averages:SellBuy (5)Sell (7)
Technical Indicators:Strong SellBuy (1)Sell (7)
Pivot PointsMay 04, 2022 06:00AM GMT
Name
S3
S2
S1
Pivot Points
R1
R2
R3
Classic
2171.54
2178.27
2185.24
2191.97
2198.94
2205.67
2212.64
Fibonacci
2178.27
2183.50
2186.74
2191.97
2197.20
2200.44
2205.67
Camarilla
2188.43
2189.69
2190.94
2191.97
2193.46
2194.71
2195.97
Woodie's
2171.64
2178.32
2185.34
2192.02
2199.04
2205.72
2212.74
DeMark's
-
-
2188.60
2193.65
2202.30
-
-
Technical IndicatorsMay 04, 2022 06:00AM GMT
Name
Value
Action
RSI(14)
42.496
Sell
STOCH(9,6)
27.327
Sell
STOCHRSI(14)
9.217
Oversold
MACD(12,26)
4.540
Buy
ADX(14)
26.203
Sell
Williams %R
-91.016
Oversold
CCI(14)
-175.4174
Sell
ATR(14)
21.3572
Less Volatility
Highs/Lows(14)
-24.6786
Sell
Ultimate Oscillator
25.354
Oversold
ROC
-3.855
Sell
Bull/Bear Power(13)
-49.6721
Sell
Buy: 1
Sell: 7
Neutral: 0


Summary:Strong Sell
Moving AveragesMay 04, 2022 06:00AM GMT
Period
Simple
Exponential
MA5
2201.50
Sell
2201.02
Sell
MA10
2217.98
Sell
2213.82
Sell
MA20
2234.21
Sell
2214.58
Sell
MA50
2182.86
Buy
2199.42
Sell
MA100
2171.35
Buy
2171.91
Buy
MA200
2126.12
Buy
2151.56
Buy
Buy: 5
Sell: 7


Summary:Sell","Volume: 580,078
Bid/Ask: 2,191.55 / 2,192.00
Day's Range: 2,182.65 - 2,250.85"
2022-05-04 06:10:00.000055,"2,190.35 -40.15    -1.80%
02:09:33 - Real-time Data. Currency in INR ( Disclaimer )
Type:  Equity
Market:  India
ISIN:  INE030A01027
S/N:  HINDUNILVR","Summary:Strong Sell
Moving Averages:SellBuy (5)Sell (7)
Technical Indicators:Strong SellBuy (1)Sell (7)
Pivot PointsMay 04, 2022 06:00AM GMT
Name
S3
S2
S1
Pivot Points
R1
R2
R3
Classic
2171.54
2178.27
2185.24
2191.97
2198.94
2205.67
2212.64
Fibonacci
2178.27
2183.50
2186.74
2191.97
2197.20
2200.44
2205.67
Camarilla
2188.43
2189.69
2190.94
2191.97
2193.46
2194.71
2195.97
Woodie's
2171.64
2178.32
2185.34
2192.02
2199.04
2205.72
2212.74
DeMark's
-
-
2188.60
2193.65
2202.30
-
-
Technical IndicatorsMay 04, 2022 06:00AM GMT
Name
Value
Action
RSI(14)
42.496
Sell
STOCH(9,6)
27.327
Sell
STOCHRSI(14)
9.217
Oversold
MACD(12,26)
4.540
Buy
ADX(14)
26.203
Sell
Williams %R
-91.016
Oversold
CCI(14)
-175.4174
Sell
ATR(14)
21.3572
Less Volatility
Highs/Lows(14)
-24.6786
Sell
Ultimate Oscillator
25.354
Oversold
ROC
-3.855
Sell
Bull/Bear Power(13)
-49.6721
Sell
Buy: 1
Sell: 7
Neutral: 0


Summary:Strong Sell
Moving AveragesMay 04, 2022 06:00AM GMT
Period
Simple
Exponential
MA5
2201.50
Sell
2201.02
Sell
MA10
2217.98
Sell
2213.82
Sell
MA20
2234.21
Sell
2214.58
Sell
MA50
2182.86
Buy
2199.42
Sell
MA100
2171.35
Buy
2171.91
Buy
MA200
2126.12
Buy
2151.56
Buy
Buy: 5
Sell: 7


Summary:Sell","Volume: 583,960
Bid/Ask: 2,190.30 / 2,190.35
Day's Range: 2,182.65 - 2,250.85"
2022-05-04 06:12:00.000055,"2,190.25 -40.25    -1.80%
02:11:31 - Real-time Data. Currency in INR ( Disclaimer )
Type:  Equity
Market:  India
ISIN:  INE030A01027
S/N:  HINDUNILVR","Summary:Strong Sell
Moving Averages:SellBuy (5)Sell (7)
Technical Indicators:Strong SellBuy (1)Sell (7)
Pivot PointsMay 04, 2022 06:10AM GMT
Name
S3
S2
S1
Pivot Points
R1
R2
R3
Classic
2171.54
2178.27
2185.24
2191.97
2198.94
2205.67
2212.64
Fibonacci
2178.27
2183.50
2186.74
2191.97
2197.20
2200.44
2205.67
Camarilla
2188.43
2189.69
2190.94
2191.97
2193.46
2194.71
2195.97
Woodie's
2171.64
2178.32
2185.34
2192.02
2199.04
2205.72
2212.74
DeMark's
-
-
2188.60
2193.65
2202.30
-
-
Technical IndicatorsMay 04, 2022 06:10AM GMT
Name
Value
Action
RSI(14)
41.934
Sell
STOCH(9,6)
26.828
Sell
STOCHRSI(14)
6.793
Oversold
MACD(12,26)
4.370
Buy
ADX(14)
26.203
Sell
Williams %R
-93.121
Oversold
CCI(14)
-182.8289
Sell
ATR(14)
21.7500
Less Volatility
Highs/Lows(14)
-26.3787
Sell
Ultimate Oscillator
26.358
Oversold
ROC
-3.945
Sell
Bull/Bear Power(13)
-53.3859
Sell
Buy: 1
Sell: 7
Neutral: 0


Summary:Strong Sell
Moving AveragesMay 04, 2022 06:10AM GMT
Period
Simple
Exponential
MA5
2201.09
Sell
2200.34
Sell
MA10
2217.77
Sell
2213.45
Sell
MA20
2234.11
Sell
2214.38
Sell
MA50
2182.82
Buy
2199.34
Sell
MA100
2171.33
Buy
2171.87
Buy
MA200
2126.11
Buy
2151.54
Buy
Buy: 5
Sell: 7


Summary:Sell","Volume: 587,779
Bid/Ask: 2,190.00 / 2,190.25
Day's Range: 2,182.65 - 2,250.85"
2022-05-04 06:14:00.000078,"2,189.50 -41.00    -1.84%
02:13:42 - Real-time Data. Currency in INR ( Disclaimer )
Type:  Equity
Market:  India
ISIN:  INE030A01027
S/N:  HINDUNILVR","Summary:Strong Sell
Moving Averages:SellBuy (5)Sell (7)
Technical Indicators:Strong SellBuy (1)Sell (7)
Pivot PointsMay 04, 2022 06:10AM GMT
Name
S3
S2
S1
Pivot Points
R1
R2
R3
Classic
2171.54
2178.27
2185.24
2191.97
2198.94
2205.67
2212.64
Fibonacci
2178.27
2183.50
2186.74
2191.97
2197.20
2200.44
2205.67
Camarilla
2188.43
2189.69
2190.94
2191.97
2193.46
2194.71
2195.97
Woodie's
2171.64
2178.32
2185.34
2192.02
2199.04
2205.72
2212.74
DeMark's
-
-
2188.60
2193.65
2202.30
-
-
Technical IndicatorsMay 04, 2022 06:10AM GMT
Name
Value
Action
RSI(14)
41.934
Sell
STOCH(9,6)
26.828
Sell
STOCHRSI(14)
6.793
Oversold
MACD(12,26)
4.370
Buy
ADX(14)
26.203
Sell
Williams %R
-93.121
Oversold
CCI(14)
-182.8289
Sell
ATR(14)
21.7500
Less Volatility
Highs/Lows(14)
-26.3787
Sell
Ultimate Oscillator
26.358
Oversold
ROC
-3.945
Sell
Bull/Bear Power(13)
-53.3859
Sell
Buy: 1
Sell: 7
Neutral: 0


Summary:Strong Sell
Moving AveragesMay 04, 2022 06:10AM GMT
Period
Simple
Exponential
MA5
2201.09
Sell
2200.34
Sell
MA10
2217.77
Sell
2213.45
Sell
MA20
2234.11
Sell
2214.38
Sell
MA50
2182.82
Buy
2199.34
Sell
MA100
2171.33
Buy
2171.87
Buy
MA200
2126.11
Buy
2151.54
Buy
Buy: 5
Sell: 7


Summary:Sell","Volume: 591,684
Bid/Ask: 2,189.00 / 2,189.50
Day's Range: 2,182.65 - 2,250.85"
2022-05-04 06:16:00.000051,"2,189.95 -40.55    -1.82%
02:15:42 - Real-time Data. Currency in INR ( Disclaimer )
Type:  Equity
Market:  India
ISIN:  INE030A01027
S/N:  HINDUNILVR","Summary:Strong Sell
Moving Averages:SellBuy (5)Sell (7)
Technical Indicators:Strong SellBuy (1)Sell (7)
Pivot PointsMay 04, 2022 06:10AM GMT
Name
S3
S2
S1
Pivot Points
R1
R2
R3
Classic
2171.54
2178.27
2185.24
2191.97
2198.94
2205.67
2212.64
Fibonacci
2178.27
2183.50
2186.74
2191.97
2197.20
2200.44
2205.67
Camarilla
2188.43
2189.69
2190.94
2191.97
2193.46
2194.71
2195.97
Woodie's
2171.64
2178.32
2185.34
2192.02
2199.04
2205.72
2212.74
DeMark's
-
-
2188.60
2193.65
2202.30
-
-
Technical IndicatorsMay 04, 2022 06:10AM GMT
Name
Value
Action
RSI(14)
41.934
Sell
STOCH(9,6)
26.828
Sell
STOCHRSI(14)
6.793
Oversold
MACD(12,26)
4.370
Buy
ADX(14)
26.203
Sell
Williams %R
-93.121
Oversold
CCI(14)
-182.8289
Sell
ATR(14)
21.7500
Less Volatility
Highs/Lows(14)
-26.3787
Sell
Ultimate Oscillator
26.358
Oversold
ROC
-3.945
Sell
Bull/Bear Power(13)
-53.3859
Sell
Buy: 1
Sell: 7
Neutral: 0


Summary:Strong Sell
Moving AveragesMay 04, 2022 06:10AM GMT
Period
Simple
Exponential
MA5
2201.09
Sell
2200.34
Sell
MA10
2217.77
Sell
2213.45
Sell
MA20
2234.11
Sell
2214.38
Sell
MA50
2182.82
Buy
2199.34
Sell
MA100
2171.33
Buy
2171.87
Buy
MA200
2126.11
Buy
2151.54
Buy
Buy: 5
Sell: 7


Summary:Sell","Volume: 594,485
Bid/Ask: 2,190.05 / 2,190.15
Day's Range: 2,182.65 - 2,250.85"
2022-05-04 06:18:00.000070,"2,190.90 -39.60    -1.78%
02:17:44 - Real-time Data. Currency in INR ( Disclaimer )
Type:  Equity
Market:  India
ISIN:  INE030A01027
S/N:  HINDUNILVR","Summary:Strong Sell
Moving Averages:SellBuy (5)Sell (7)
Technical Indicators:Strong SellBuy (1)Sell (7)
Pivot PointsMay 04, 2022 06:10AM GMT
Name
S3
S2
S1
Pivot Points
R1
R2
R3
Classic
2171.54
2178.27
2185.24
2191.97
2198.94
2205.67
2212.64
Fibonacci
2178.27
2183.50
2186.74
2191.97
2197.20
2200.44
2205.67
Camarilla
2188.43
2189.69
2190.94
2191.97
2193.46
2194.71
2195.97
Woodie's
2171.64
2178.32
2185.34
2192.02
2199.04
2205.72
2212.74
DeMark's
-
-
2188.60
2193.65
2202.30
-
-
Technical IndicatorsMay 04, 2022 06:10AM GMT
Name
Value
Action
RSI(14)
41.934
Sell
STOCH(9,6)
26.828
Sell
STOCHRSI(14)
6.793
Oversold
MACD(12,26)
4.370
Buy
ADX(14)
26.203
Sell
Williams %R
-93.121
Oversold
CCI(14)
-182.8289
Sell
ATR(14)
21.7500
Less Volatility
Highs/Lows(14)
-26.3787
Sell
Ultimate Oscillator
26.358
Oversold
ROC
-3.945
Sell
Bull/Bear Power(13)
-53.3859
Sell
Buy: 1
Sell: 7
Neutral: 0


Summary:Strong Sell
Moving AveragesMay 04, 2022 06:10AM GMT
Period
Simple
Exponential
MA5
2201.09
Sell
2200.34
Sell
MA10
2217.77
Sell
2213.45
Sell
MA20
2234.11
Sell
2214.38
Sell
MA50
2182.82
Buy
2199.34
Sell
MA100
2171.33
Buy
2171.87
Buy
MA200
2126.11
Buy
2151.54
Buy
Buy: 5
Sell: 7


Summary:Sell","Volume: 597,205
Bid/Ask: 2,190.35 / 2,191.10
Day's Range: 2,182.65 - 2,250.85"
2022-05-04 06:20:00.000055,"2,193.20 -37.30    -1.67%
02:19:43 - Real-time Data. Currency in INR ( Disclaimer )
Type:  Equity
Market:  India
ISIN:  INE030A01027
S/N:  HINDUNILVR","Summary:Strong Sell
Moving Averages:SellBuy (5)Sell (7)
Technical Indicators:Strong SellBuy (1)Sell (7)
Pivot PointsMay 04, 2022 06:10AM GMT
Name
S3
S2
S1
Pivot Points
R1
R2
R3
Classic
2171.54
2178.27
2185.24
2191.97
2198.94
2205.67
2212.64
Fibonacci
2178.27
2183.50
2186.74
2191.97
2197.20
2200.44
2205.67
Camarilla
2188.43
2189.69
2190.94
2191.97
2193.46
2194.71
2195.97
Woodie's
2171.64
2178.32
2185.34
2192.02
2199.04
2205.72
2212.74
DeMark's
-
-
2188.60
2193.65
2202.30
-
-
Technical IndicatorsMay 04, 2022 06:10AM GMT
Name
Value
Action
RSI(14)
41.934
Sell
STOCH(9,6)
26.828
Sell
STOCHRSI(14)
6.793
Oversold
MACD(12,26)
4.370
Buy
ADX(14)
26.203
Sell
Williams %R
-93.121
Oversold
CCI(14)
-182.8289
Sell
ATR(14)
21.7500
Less Volatility
Highs/Lows(14)
-26.3787
Sell
Ultimate Oscillator
26.358
Oversold
ROC
-3.945
Sell
Bull/Bear Power(13)
-53.3859
Sell
Buy: 1
Sell: 7
Neutral: 0


Summary:Strong Sell
Moving AveragesMay 04, 2022 06:10AM GMT
Period
Simple
Exponential
MA5
2201.09
Sell
2200.34
Sell
MA10
2217.77
Sell
2213.45
Sell
MA20
2234.11
Sell
2214.38
Sell
MA50
2182.82
Buy
2199.34
Sell
MA100
2171.33
Buy
2171.87
Buy
MA200
2126.11
Buy
2151.54
Buy
Buy: 5
Sell: 7


Summary:Sell","Volume: 600,062
Bid/Ask: 2,193.20 / 2,193.50
Day's Range: 2,182.65 - 2,250.85"
2022-05-04 06:22:00.000052,"2,195.00 -35.50    -1.59%
02:21:42 - Real-time Data. Currency in INR ( Disclaimer )
Type:  Equity
Market:  India
ISIN:  INE030A01027
S/N:  HINDUNILVR","Summary:Strong Sell
Moving Averages:SellBuy (5)Sell (7)
Technical Indicators:Strong SellBuy (1)Sell (7)
Pivot PointsMay 04, 2022 06:20AM GMT
Name
S3
S2
S1
Pivot Points
R1
R2
R3
Classic
2171.54
2178.27
2185.24
2191.97
2198.94
2205.67
2212.64
Fibonacci
2178.27
2183.50
2186.74
2191.97
2197.20
2200.44
2205.67
Camarilla
2188.43
2189.69
2190.94
2191.97
2193.46
2194.71
2195.97
Woodie's
2171.64
2178.32
2185.34
2192.02
2199.04
2205.72
2212.74
DeMark's
-
-
2188.60
2193.65
2202.30
-
-
Technical IndicatorsMay 04, 2022 06:20AM GMT
Name
Value
Action
RSI(14)
43.166
Sell
STOCH(9,6)
27.764
Sell
STOCHRSI(14)
12.107
Oversold
MACD(12,26)
4.680
Buy
ADX(14)
26.203
Sell
Williams %R
-89.168
Oversold
CCI(14)
-176.4767
Sell
ATR(14)
21.8643
Less Volatility
Highs/Lows(14)
-22.5286
Sell
Ultimate Oscillator
28.321
Oversold
ROC
-3.776
Sell
Bull/Bear Power(13)
-52.8860
Sell
Buy: 1
Sell: 7
Neutral: 0


Summary:Strong Sell
Moving AveragesMay 04, 2022 06:20AM GMT
Period
Simple
Exponential
MA5
2201.86
Sell
2201.62
Sell
MA10
2218.16
Sell
2214.15
Sell
MA20
2234.30
Sell
2214.75
Sell
MA50
2182.90
Buy
2199.49
Sell
MA100
2171.37
Buy
2171.94
Buy
MA200
2126.13
Buy
2151.58
Buy
Buy: 5
Sell: 7


Summary:Sell","Volume: 603,844
Bid/Ask: 2,194.95 / 2,195.00
Day's Range: 2,182.65 - 2,250.85"
2022-05-04 06:24:00.000054,"2,195.55 -34.95    -1.57%
02:23:33 - Real-time Data. Currency in INR ( Disclaimer )
Type:  Equity
Market:  India
ISIN:  INE030A01027
S/N:  HINDUNILVR","Summary:Strong Sell
Moving Averages:SellBuy (5)Sell (7)
Technical Indicators:Strong SellBuy (1)Sell (7)
Pivot PointsMay 04, 2022 06:20AM GMT
Name
S3
S2
S1
Pivot Points
R1
R2
R3
Classic
2171.54
2178.27
2185.24
2191.97
2198.94
2205.67
2212.64
Fibonacci
2178.27
2183.50
2186.74
2191.97
2197.20
2200.44
2205.67
Camarilla
2188.43
2189.69
2190.94
2191.97
2193.46
2194.71
2195.97
Woodie's
2171.64
2178.32
2185.34
2192.02
2199.04
2205.72
2212.74
DeMark's
-
-
2188.60
2193.65
2202.30
-
-
Technical IndicatorsMay 04, 2022 06:20AM GMT
Name
Value
Action
RSI(14)
43.166
Sell
STOCH(9,6)
27.764
Sell
STOCHRSI(14)
12.107
Oversold
MACD(12,26)
4.680
Buy
ADX(14)
26.203
Sell
Williams %R
-89.168
Oversold
CCI(14)
-176.4767
Sell
ATR(14)
21.8643
Less Volatility
Highs/Lows(14)
-22.5286
Sell
Ultimate Oscillator
28.321
Oversold
ROC
-3.776
Sell
Bull/Bear Power(13)
-52.8860
Sell
Buy: 1
Sell: 7
Neutral: 0


Summary:Strong Sell
Moving AveragesMay 04, 2022 06:20AM GMT
Period
Simple
Exponential
MA5
2201.86
Sell
2201.62
Sell
MA10
2218.16
Sell
2214.15
Sell
MA20
2234.30
Sell
2214.75
Sell
MA50
2182.90
Buy
2199.49
Sell
MA100
2171.37
Buy
2171.94
Buy
MA200
2126.13
Buy
2151.58
Buy
Buy: 5
Sell: 7


Summary:Sell","Volume: 608,890
Bid/Ask: 2,195.00 / 2,195.55
Day's Range: 2,182.65 - 2,250.85"
2022-05-04 06:26:00.000060,"2,193.80 -36.70    -1.65%
02:25:38 - Real-time Data. Currency in INR ( Disclaimer )
Type:  Equity
Market:  India
ISIN:  INE030A01027
S/N:  HINDUNILVR","Summary:Strong Sell
Moving Averages:SellBuy (5)Sell (7)
Technical Indicators:Strong SellBuy (1)Sell (7)
Pivot PointsMay 04, 2022 06:20AM GMT
Name
S3
S2
S1
Pivot Points
R1
R2
R3
Classic
2171.54
2178.27
2185.24
2191.97
2198.94
2205.67
2212.64
Fibonacci
2178.27
2183.50
2186.74
2191.97
2197.20
2200.44
2205.67
Camarilla
2188.43
2189.69
2190.94
2191.97
2193.46
2194.71
2195.97
Woodie's
2171.64
2178.32
2185.34
2192.02
2199.04
2205.72
2212.74
DeMark's
-
-
2188.60
2193.65
2202.30
-
-
Technical IndicatorsMay 04, 2022 06:20AM GMT
Name
Value
Action
RSI(14)
43.166
Sell
STOCH(9,6)
27.764
Sell
STOCHRSI(14)
12.107
Oversold
MACD(12,26)
4.680
Buy
ADX(14)
26.203
Sell
Williams %R
-89.168
Oversold
CCI(14)
-176.4767
Sell
ATR(14)
21.8643
Less Volatility
Highs/Lows(14)
-22.5286
Sell
Ultimate Oscillator
28.321
Oversold
ROC
-3.776
Sell
Bull/Bear Power(13)
-52.8860
Sell
Buy: 1
Sell: 7
Neutral: 0


Summary:Strong Sell
Moving AveragesMay 04, 2022 06:20AM GMT
Period
Simple
Exponential
MA5
2201.86
Sell
2201.62
Sell
MA10
2218.16
Sell
2214.15
Sell
MA20
2234.30
Sell
2214.75
Sell
MA50
2182.90
Buy
2199.49
Sell
MA100
2171.37
Buy
2171.94
Buy
MA200
2126.13
Buy
2151.58
Buy
Buy: 5
Sell: 7


Summary:Sell","Volume: 612,019
Bid/Ask: 2,194.25 / 2,194.65
Day's Range: 2,182.65 - 2,250.85"
2022-05-04 06:28:00.000067,"2,198.00 -32.50    -1.46%
02:27:43 - Real-time Data. Currency in INR ( Disclaimer )
Type:  Equity
Market:  India
ISIN:  INE030A01027
S/N:  HINDUNILVR","Summary:Strong Sell
Moving Averages:SellBuy (5)Sell (7)
Technical Indicators:Strong SellBuy (1)Sell (7)
Pivot PointsMay 04, 2022 06:20AM GMT
Name
S3
S2
S1
Pivot Points
R1
R2
R3
Classic
2171.54
2178.27
2185.24
2191.97
2198.94
2205.67
2212.64
Fibonacci
2178.27
2183.50
2186.74
2191.97
2197.20
2200.44
2205.67
Camarilla
2188.43
2189.69
2190.94
2191.97
2193.46
2194.71
2195.97
Woodie's
2171.64
2178.32
2185.34
2192.02
2199.04
2205.72
2212.74
DeMark's
-
-
2188.60
2193.65
2202.30
-
-
Technical IndicatorsMay 04, 2022 06:20AM GMT
Name
Value
Action
RSI(14)
43.166
Sell
STOCH(9,6)
27.764
Sell
STOCHRSI(14)
12.107
Oversold
MACD(12,26)
4.680
Buy
ADX(14)
26.203
Sell
Williams %R
-89.168
Oversold
CCI(14)
-176.4767
Sell
ATR(14)
21.8643
Less Volatility
Highs/Lows(14)
-22.5286
Sell
Ultimate Oscillator
28.321
Oversold
ROC
-3.776
Sell
Bull/Bear Power(13)
-52.8860
Sell
Buy: 1
Sell: 7
Neutral: 0


Summary:Strong Sell
Moving AveragesMay 04, 2022 06:20AM GMT
Period
Simple
Exponential
MA5
2201.86
Sell
2201.62
Sell
MA10
2218.16
Sell
2214.15
Sell
MA20
2234.30
Sell
2214.75
Sell
MA50
2182.90
Buy
2199.49
Sell
MA100
2171.37
Buy
2171.94
Buy
MA200
2126.13
Buy
2151.58
Buy
Buy: 5
Sell: 7


Summary:Sell","Volume: 617,811
Bid/Ask: 2,197.40 / 2,198.00
Day's Range: 2,182.65 - 2,250.85"
2022-05-04 06:30:00.000078,"2,196.90 -33.60    -1.51%
02:29:43 - Real-time Data. Currency in INR ( Disclaimer )
Type:  Equity
Market:  India
ISIN:  INE030A01027
S/N:  HINDUNILVR","Summary:Strong Sell
Moving Averages:SellBuy (5)Sell (7)
Technical Indicators:Strong SellBuy (1)Sell (7)
Pivot PointsMay 04, 2022 06:20AM GMT
Name
S3
S2
S1
Pivot Points
R1
R2
R3
Classic
2171.54
2178.27
2185.24
2191.97
2198.94
2205.67
2212.64
Fibonacci
2178.27
2183.50
2186.74
2191.97
2197.20
2200.44
2205.67
Camarilla
2188.43
2189.69
2190.94
2191.97
2193.46
2194.71
2195.97
Woodie's
2171.64
2178.32
2185.34
2192.02
2199.04
2205.72
2212.74
DeMark's
-
-
2188.60
2193.65
2202.30
-
-
Technical IndicatorsMay 04, 2022 06:20AM GMT
Name
Value
Action
RSI(14)
43.166
Sell
STOCH(9,6)
27.764
Sell
STOCHRSI(14)
12.107
Oversold
MACD(12,26)
4.680
Buy
ADX(14)
26.203
Sell
Williams %R
-89.168
Oversold
CCI(14)
-176.4767
Sell
ATR(14)
21.8643
Less Volatility
Highs/Lows(14)
-22.5286
Sell
Ultimate Oscillator
28.321
Oversold
ROC
-3.776
Sell
Bull/Bear Power(13)
-52.8860
Sell
Buy: 1
Sell: 7
Neutral: 0


Summary:Strong Sell
Moving AveragesMay 04, 2022 06:20AM GMT
Period
Simple
Exponential
MA5
2201.86
Sell
2201.62
Sell
MA10
2218.16
Sell
2214.15
Sell
MA20
2234.30
Sell
2214.75
Sell
MA50
2182.90
Buy
2199.49
Sell
MA100
2171.37
Buy
2171.94
Buy
MA200
2126.13
Buy
2151.58
Buy
Buy: 5
Sell: 7


Summary:Sell","Volume: 622,854
Bid/Ask: 2,196.00 / 2,196.90
Day's Range: 2,182.65 - 2,250.85"
2022-05-04 06:32:00.000054,"2,196.50 -34.00    -1.52%
02:31:44 - Real-time Data. Currency in INR ( Disclaimer )
Type:  Equity
Market:  India
ISIN:  INE030A01027
S/N:  HINDUNILVR","Summary:Strong Sell
Moving Averages:SellBuy (5)Sell (7)
Technical Indicators:Strong SellBuy (1)Sell (7)
Pivot PointsMay 04, 2022 06:30AM GMT
Name
S3
S2
S1
Pivot Points
R1
R2
R3
Classic
2171.54
2178.27
2185.24
2191.97
2198.94
2205.67
2212.64
Fibonacci
2178.27
2183.50
2186.74
2191.97
2197.20
2200.44
2205.67
Camarilla
2188.43
2189.69
2190.94
2191.97
2193.46
2194.71
2195.97
Woodie's
2171.64
2178.32
2185.34
2192.02
2199.04
2205.72
2212.74
DeMark's
-
-
2188.60
2193.65
2202.30
-
-
Technical IndicatorsMay 04, 2022 06:30AM GMT
Name
Value
Action
RSI(14)
44.141
Sell
STOCH(9,6)
28.421
Sell
STOCHRSI(14)
16.312
Oversold
MACD(12,26)
4.900
Buy
ADX(14)
26.203
Sell
Williams %R
-86.396
Oversold
CCI(14)
-168.6984
Sell
ATR(14)
22.1393
Less Volatility
Highs/Lows(14)
-19.8286
Sell
Ultimate Oscillator
29.302
Oversold
ROC
-3.658
Sell
Bull/Bear Power(13)
-49.8060
Sell
Buy: 1
Sell: 7
Neutral: 0


Summary:Strong Sell
Moving AveragesMay 04, 2022 06:30AM GMT
Period
Simple
Exponential
MA5
2202.40
Sell
2202.52
Sell
MA10
2218.43
Sell
2214.64
Sell
MA20
2234.44
Sell
2215.01
Sell
MA50
2182.95
Buy
2199.60
Sell
MA100
2171.40
Buy
2172.00
Buy
MA200
2126.15
Buy
2151.60
Buy
Buy: 5
Sell: 7


Summary:Sell","Volume: 625,705
Bid/Ask: 2,196.20 / 2,196.50
Day's Range: 2,182.65 - 2,250.85"
2022-05-04 06:34:00.000053,"2,195.90 -34.60    -1.55%
02:33:38 - Real-time Data. Currency in INR ( Disclaimer )
Type:  Equity
Market:  India
ISIN:  INE030A01027
S/N:  HINDUNILVR","Summary:Strong Sell
Moving Averages:SellBuy (5)Sell (7)
Technical Indicators:Strong SellBuy (1)Sell (7)
Pivot PointsMay 04, 2022 06:30AM GMT
Name
S3
S2
S1
Pivot Points
R1
R2
R3
Classic
2171.54
2178.27
2185.24
2191.97
2198.94
2205.67
2212.64
Fibonacci
2178.27
2183.50
2186.74
2191.97
2197.20
2200.44
2205.67
Camarilla
2188.43
2189.69
2190.94
2191.97
2193.46
2194.71
2195.97
Woodie's
2171.64
2178.32
2185.34
2192.02
2199.04
2205.72
2212.74
DeMark's
-
-
2188.60
2193.65
2202.30
-
-
Technical IndicatorsMay 04, 2022 06:30AM GMT
Name
Value
Action
RSI(14)
44.141
Sell
STOCH(9,6)
28.421
Sell
STOCHRSI(14)
16.312
Oversold
MACD(12,26)
4.900
Buy
ADX(14)
26.203
Sell
Williams %R
-86.396
Oversold
CCI(14)
-168.6984
Sell
ATR(14)
22.1393
Less Volatility
Highs/Lows(14)
-19.8286
Sell
Ultimate Oscillator
29.302
Oversold
ROC
-3.658
Sell
Bull/Bear Power(13)
-49.8060
Sell
Buy: 1
Sell: 7
Neutral: 0


Summary:Strong Sell
Moving AveragesMay 04, 2022 06:30AM GMT
Period
Simple
Exponential
MA5
2202.40
Sell
2202.52
Sell
MA10
2218.43
Sell
2214.64
Sell
MA20
2234.44
Sell
2215.01
Sell
MA50
2182.95
Buy
2199.60
Sell
MA100
2171.40
Buy
2172.00
Buy
MA200
2126.15
Buy
2151.60
Buy
Buy: 5
Sell: 7


Summary:Sell","Volume: 627,363
Bid/Ask: 2,195.00 / 2,195.90
Day's Range: 2,182.65 - 2,250.85"
2022-05-04 06:36:00.000050,"2,195.50 -35.00    -1.57%
02:35:38 - Real-time Data. Currency in INR ( Disclaimer )
Type:  Equity
Market:  India
ISIN:  INE030A01027
S/N:  HINDUNILVR","Summary:Strong Sell
Moving Averages:SellBuy (5)Sell (7)
Technical Indicators:Strong SellBuy (1)Sell (7)
Pivot PointsMay 04, 2022 06:30AM GMT
Name
S3
S2
S1
Pivot Points
R1
R2
R3
Classic
2171.54
2178.27
2185.24
2191.97
2198.94
2205.67
2212.64
Fibonacci
2178.27
2183.50
2186.74
2191.97
2197.20
2200.44
2205.67
Camarilla
2188.43
2189.69
2190.94
2191.97
2193.46
2194.71
2195.97
Woodie's
2171.64
2178.32
2185.34
2192.02
2199.04
2205.72
2212.74
DeMark's
-
-
2188.60
2193.65
2202.30
-
-
Technical IndicatorsMay 04, 2022 06:30AM GMT
Name
Value
Action
RSI(14)
44.141
Sell
STOCH(9,6)
28.421
Sell
STOCHRSI(14)
16.312
Oversold
MACD(12,26)
4.900
Buy
ADX(14)
26.203
Sell
Williams %R
-86.396
Oversold
CCI(14)
-168.6984
Sell
ATR(14)
22.1393
Less Volatility
Highs/Lows(14)
-19.8286
Sell
Ultimate Oscillator
29.302
Oversold
ROC
-3.658
Sell
Bull/Bear Power(13)
-49.8060
Sell
Buy: 1
Sell: 7
Neutral: 0


Summary:Strong Sell
Moving AveragesMay 04, 2022 06:30AM GMT
Period
Simple
Exponential
MA5
2202.40
Sell
2202.52
Sell
MA10
2218.43
Sell
2214.64
Sell
MA20
2234.44
Sell
2215.01
Sell
MA50
2182.95
Buy
2199.60
Sell
MA100
2171.40
Buy
2172.00
Buy
MA200
2126.15
Buy
2151.60
Buy
Buy: 5
Sell: 7


Summary:Sell","Volume: 628,666
Bid/Ask: 2,195.25 / 2,195.50
Day's Range: 2,182.65 - 2,250.85"
2022-05-04 06:38:00.000071,"2,196.30 -34.20    -1.53%
02:37:42 - Real-time Data. Currency in INR ( Disclaimer )
Type:  Equity
Market:  India
ISIN:  INE030A01027
S/N:  HINDUNILVR","Summary:Strong Sell
Moving Averages:SellBuy (5)Sell (7)
Technical Indicators:Strong SellBuy (1)Sell (7)
Pivot PointsMay 04, 2022 06:30AM GMT
Name
S3
S2
S1
Pivot Points
R1
R2
R3
Classic
2171.54
2178.27
2185.24
2191.97
2198.94
2205.67
2212.64
Fibonacci
2178.27
2183.50
2186.74
2191.97
2197.20
2200.44
2205.67
Camarilla
2188.43
2189.69
2190.94
2191.97
2193.46
2194.71
2195.97
Woodie's
2171.64
2178.32
2185.34
2192.02
2199.04
2205.72
2212.74
DeMark's
-
-
2188.60
2193.65
2202.30
-
-
Technical IndicatorsMay 04, 2022 06:30AM GMT
Name
Value
Action
RSI(14)
44.141
Sell
STOCH(9,6)
28.421
Sell
STOCHRSI(14)
16.312
Oversold
MACD(12,26)
4.900
Buy
ADX(14)
26.203
Sell
Williams %R
-86.396
Oversold
CCI(14)
-168.6984
Sell
ATR(14)
22.1393
Less Volatility
Highs/Lows(14)
-19.8286
Sell
Ultimate Oscillator
29.302
Oversold
ROC
-3.658
Sell
Bull/Bear Power(13)
-49.8060
Sell
Buy: 1
Sell: 7
Neutral: 0


Summary:Strong Sell
Moving AveragesMay 04, 2022 06:30AM GMT
Period
Simple
Exponential
MA5
2202.40
Sell
2202.52
Sell
MA10
2218.43
Sell
2214.64
Sell
MA20
2234.44
Sell
2215.01
Sell
MA50
2182.95
Buy
2199.60
Sell
MA100
2171.40
Buy
2172.00
Buy
MA200
2126.15
Buy
2151.60
Buy
Buy: 5
Sell: 7


Summary:Sell","Volume: 631,028
Bid/Ask: 2,196.00 / 2,196.30
Day's Range: 2,182.65 - 2,250.85"
2022-05-04 06:40:00.000883,"2,192.90 -37.60    -1.69%
02:39:42 - Real-time Data. Currency in INR ( Disclaimer )
Type:  Equity
Market:  India
ISIN:  INE030A01027
S/N:  HINDUNILVR","Summary:Strong Sell
Moving Averages:SellBuy (5)Sell (7)
Technical Indicators:Strong SellBuy (1)Sell (7)
Pivot PointsMay 04, 2022 06:30AM GMT
Name
S3
S2
S1
Pivot Points
R1
R2
R3
Classic
2171.54
2178.27
2185.24
2191.97
2198.94
2205.67
2212.64
Fibonacci
2178.27
2183.50
2186.74
2191.97
2197.20
2200.44
2205.67
Camarilla
2188.43
2189.69
2190.94
2191.97
2193.46
2194.71
2195.97
Woodie's
2171.64
2178.32
2185.34
2192.02
2199.04
2205.72
2212.74
DeMark's
-
-
2188.60
2193.65
2202.30
-
-
Technical IndicatorsMay 04, 2022 06:30AM GMT
Name
Value
Action
RSI(14)
44.141
Sell
STOCH(9,6)
28.421
Sell
STOCHRSI(14)
16.312
Oversold
MACD(12,26)
4.900
Buy
ADX(14)
26.203
Sell
Williams %R
-86.396
Oversold
CCI(14)
-168.6984
Sell
ATR(14)
22.1393
Less Volatility
Highs/Lows(14)
-19.8286
Sell
Ultimate Oscillator
29.302
Oversold
ROC
-3.658
Sell
Bull/Bear Power(13)
-49.8060
Sell
Buy: 1
Sell: 7
Neutral: 0


Summary:Strong Sell
Moving AveragesMay 04, 2022 06:30AM GMT
Period
Simple
Exponential
MA5
2202.40
Sell
2202.52
Sell
MA10
2218.43
Sell
2214.64
Sell
MA20
2234.44
Sell
2215.01
Sell
MA50
2182.95
Buy
2199.60
Sell
MA100
2171.40
Buy
2172.00
Buy
MA200
2126.15
Buy
2151.60
Buy
Buy: 5
Sell: 7


Summary:Sell","Volume: 633,001
Bid/Ask: 2,192.70 / 2,192.90
Day's Range: 2,182.65 - 2,250.85"
2022-05-04 06:42:00.000049,"2,189.60 -40.90    -1.83%
02:41:43 - Real-time Data. Currency in INR ( Disclaimer )
Type:  Equity
Market:  India
ISIN:  INE030A01027
S/N:  HINDUNILVR","Summary:Strong Sell
Moving Averages:SellBuy (5)Sell (7)
Technical Indicators:Strong SellBuy (1)Sell (7)
Pivot PointsMay 04, 2022 06:40AM GMT
Name
S3
S2
S1
Pivot Points
R1
R2
R3
Classic
2171.54
2178.27
2185.24
2191.97
2198.94
2205.67
2212.64
Fibonacci
2178.27
2183.50
2186.74
2191.97
2197.20
2200.44
2205.67
Camarilla
2188.43
2189.69
2190.94
2191.97
2193.46
2194.71
2195.97
Woodie's
2171.64
2178.32
2185.34
2192.02
2199.04
2205.72
2212.74
DeMark's
-
-
2188.60
2193.65
2202.30
-
-
Technical IndicatorsMay 04, 2022 06:40AM GMT
Name
Value
Action
RSI(14)
42.248
Sell
STOCH(9,6)
27.108
Sell
STOCHRSI(14)
8.148
Oversold
MACD(12,26)
4.470
Buy
ADX(14)
26.203
Sell
Williams %R
-91.940
Oversold
CCI(14)
-175.1223
Sell
ATR(14)
22.1393
Less Volatility
Highs/Lows(14)
-25.2285
Sell
Ultimate Oscillator
26.365
Oversold
ROC
-3.895
Sell
Bull/Bear Power(13)
-48.2640
Sell
Buy: 1
Sell: 7
Neutral: 0


Summary:Strong Sell
Moving AveragesMay 04, 2022 06:40AM GMT
Period
Simple
Exponential
MA5
2201.32
Sell
2200.72
Sell
MA10
2217.89
Sell
2213.66
Sell
MA20
2234.17
Sell
2214.49
Sell
MA50
2182.85
Buy
2199.39
Sell
MA100
2171.34
Buy
2171.89
Buy
MA200
2126.12
Buy
2151.55
Buy
Buy: 5
Sell: 7


Summary:Sell","Volume: 639,998
Bid/Ask: 2,189.10 / 2,189.40
Day's Range: 2,182.65 - 2,250.85"
2022-05-04 06:44:00.000068,"2,196.80 -33.70    -1.51%
02:43:37 - Real-time Data. Currency in INR ( Disclaimer )
Type:  Equity
Market:  India
ISIN:  INE030A01027
S/N:  HINDUNILVR","Summary:Strong Sell
Moving Averages:SellBuy (5)Sell (7)
Technical Indicators:Strong SellBuy (1)Sell (7)
Pivot PointsMay 04, 2022 06:40AM GMT
Name
S3
S2
S1
Pivot Points
R1
R2
R3
Classic
2171.54
2178.27
2185.24
2191.97
2198.94
2205.67
2212.64
Fibonacci
2178.27
2183.50
2186.74
2191.97
2197.20
2200.44
2205.67
Camarilla
2188.43
2189.69
2190.94
2191.97
2193.46
2194.71
2195.97
Woodie's
2171.64
2178.32
2185.34
2192.02
2199.04
2205.72
2212.74
DeMark's
-
-
2188.60
2193.65
2202.30
-
-
Technical IndicatorsMay 04, 2022 06:40AM GMT
Name
Value
Action
RSI(14)
42.248
Sell
STOCH(9,6)
27.108
Sell
STOCHRSI(14)
8.148
Oversold
MACD(12,26)
4.470
Buy
ADX(14)
26.203
Sell
Williams %R
-91.940
Oversold
CCI(14)
-175.1223
Sell
ATR(14)
22.1393
Less Volatility
Highs/Lows(14)
-25.2285
Sell
Ultimate Oscillator
26.365
Oversold
ROC
-3.895
Sell
Bull/Bear Power(13)
-48.2640
Sell
Buy: 1
Sell: 7
Neutral: 0


Summary:Strong Sell
Moving AveragesMay 04, 2022 06:40AM GMT
Period
Simple
Exponential
MA5
2201.32
Sell
2200.72
Sell
MA10
2217.89
Sell
2213.66
Sell
MA20
2234.17
Sell
2214.49
Sell
MA50
2182.85
Buy
2199.39
Sell
MA100
2171.34
Buy
2171.89
Buy
MA200
2126.12
Buy
2151.55
Buy
Buy: 5
Sell: 7


Summary:Sell","Volume: 650,785
Bid/Ask: 2,196.15 / 2,196.95
Day's Range: 2,182.65 - 2,250.85"
2022-05-04 06:46:00.000074,"2,196.90 -33.60    -1.51%
02:45:41 - Real-time Data. Currency in INR ( Disclaimer )
Type:  Equity
Market:  India
ISIN:  INE030A01027
S/N:  HINDUNILVR","Summary:Strong Sell
Moving Averages:SellBuy (5)Sell (7)
Technical Indicators:Strong SellBuy (1)Sell (7)
Pivot PointsMay 04, 2022 06:40AM GMT
Name
S3
S2
S1
Pivot Points
R1
R2
R3
Classic
2171.54
2178.27
2185.24
2191.97
2198.94
2205.67
2212.64
Fibonacci
2178.27
2183.50
2186.74
2191.97
2197.20
2200.44
2205.67
Camarilla
2188.43
2189.69
2190.94
2191.97
2193.46
2194.71
2195.97
Woodie's
2171.64
2178.32
2185.34
2192.02
2199.04
2205.72
2212.74
DeMark's
-
-
2188.60
2193.65
2202.30
-
-
Technical IndicatorsMay 04, 2022 06:40AM GMT
Name
Value
Action
RSI(14)
42.248
Sell
STOCH(9,6)
27.108
Sell
STOCHRSI(14)
8.148
Oversold
MACD(12,26)
4.470
Buy
ADX(14)
26.203
Sell
Williams %R
-91.940
Oversold
CCI(14)
-175.1223
Sell
ATR(14)
22.1393
Less Volatility
Highs/Lows(14)
-25.2285
Sell
Ultimate Oscillator
26.365
Oversold
ROC
-3.895
Sell
Bull/Bear Power(13)
-48.2640
Sell
Buy: 1
Sell: 7
Neutral: 0


Summary:Strong Sell
Moving AveragesMay 04, 2022 06:40AM GMT
Period
Simple
Exponential
MA5
2201.32
Sell
2200.72
Sell
MA10
2217.89
Sell
2213.66
Sell
MA20
2234.17
Sell
2214.49
Sell
MA50
2182.85
Buy
2199.39
Sell
MA100
2171.34
Buy
2171.89
Buy
MA200
2126.12
Buy
2151.55
Buy
Buy: 5
Sell: 7


Summary:Sell","Volume: 655,709
Bid/Ask: 2,196.15 / 2,196.90
Day's Range: 2,182.65 - 2,250.85"
2022-05-04 06:48:00.000096,"2,196.60 -33.90    -1.52%
02:47:43 - Real-time Data. Currency in INR ( Disclaimer )
Type:  Equity
Market:  India
ISIN:  INE030A01027
S/N:  HINDUNILVR","Summary:Strong Sell
Moving Averages:SellBuy (5)Sell (7)
Technical Indicators:Strong SellBuy (1)Sell (7)
Pivot PointsMay 04, 2022 06:40AM GMT
Name
S3
S2
S1
Pivot Points
R1
R2
R3
Classic
2171.54
2178.27
2185.24
2191.97
2198.94
2205.67
2212.64
Fibonacci
2178.27
2183.50
2186.74
2191.97
2197.20
2200.44
2205.67
Camarilla
2188.43
2189.69
2190.94
2191.97
2193.46
2194.71
2195.97
Woodie's
2171.64
2178.32
2185.34
2192.02
2199.04
2205.72
2212.74
DeMark's
-
-
2188.60
2193.65
2202.30
-
-
Technical IndicatorsMay 04, 2022 06:40AM GMT
Name
Value
Action
RSI(14)
42.248
Sell
STOCH(9,6)
27.108
Sell
STOCHRSI(14)
8.148
Oversold
MACD(12,26)
4.470
Buy
ADX(14)
26.203
Sell
Williams %R
-91.940
Oversold
CCI(14)
-175.1223
Sell
ATR(14)
22.1393
Less Volatility
Highs/Lows(14)
-25.2285
Sell
Ultimate Oscillator
26.365
Oversold
ROC
-3.895
Sell
Bull/Bear Power(13)
-48.2640
Sell
Buy: 1
Sell: 7
Neutral: 0


Summary:Strong Sell
Moving AveragesMay 04, 2022 06:40AM GMT
Period
Simple
Exponential
MA5
2201.32
Sell
2200.72
Sell
MA10
2217.89
Sell
2213.66
Sell
MA20
2234.17
Sell
2214.49
Sell
MA50
2182.85
Buy
2199.39
Sell
MA100
2171.34
Buy
2171.89
Buy
MA200
2126.12
Buy
2151.55
Buy
Buy: 5
Sell: 7


Summary:Sell","Volume: 663,959
Bid/Ask: 2,196.00 / 2,196.60
Day's Range: 2,182.65 - 2,250.85"
2022-05-04 06:50:00.000053,"2,196.95 -33.55    -1.50%
02:49:43 - Real-time Data. Currency in INR ( Disclaimer )
Type:  Equity
Market:  India
ISIN:  INE030A01027
S/N:  HINDUNILVR","Summary:Strong Sell
Moving Averages:SellBuy (5)Sell (7)
Technical Indicators:Strong SellBuy (1)Sell (7)
Pivot PointsMay 04, 2022 06:40AM GMT
Name
S3
S2
S1
Pivot Points
R1
R2
R3
Classic
2171.54
2178.27
2185.24
2191.97
2198.94
2205.67
2212.64
Fibonacci
2178.27
2183.50
2186.74
2191.97
2197.20
2200.44
2205.67
Camarilla
2188.43
2189.69
2190.94
2191.97
2193.46
2194.71
2195.97
Woodie's
2171.64
2178.32
2185.34
2192.02
2199.04
2205.72
2212.74
DeMark's
-
-
2188.60
2193.65
2202.30
-
-
Technical IndicatorsMay 04, 2022 06:40AM GMT
Name
Value
Action
RSI(14)
42.248
Sell
STOCH(9,6)
27.108
Sell
STOCHRSI(14)
8.148
Oversold
MACD(12,26)
4.470
Buy
ADX(14)
26.203
Sell
Williams %R
-91.940
Oversold
CCI(14)
-175.1223
Sell
ATR(14)
22.1393
Less Volatility
Highs/Lows(14)
-25.2285
Sell
Ultimate Oscillator
26.365
Oversold
ROC
-3.895
Sell
Bull/Bear Power(13)
-48.2640
Sell
Buy: 1
Sell: 7
Neutral: 0


Summary:Strong Sell
Moving AveragesMay 04, 2022 06:40AM GMT
Period
Simple
Exponential
MA5
2201.32
Sell
2200.72
Sell
MA10
2217.89
Sell
2213.66
Sell
MA20
2234.17
Sell
2214.49
Sell
MA50
2182.85
Buy
2199.39
Sell
MA100
2171.34
Buy
2171.89
Buy
MA200
2126.12
Buy
2151.55
Buy
Buy: 5
Sell: 7


Summary:Sell","Volume: 672,320
Bid/Ask: 2,196.95 / 2,197.00
Day's Range: 2,182.65 - 2,250.85"
2022-05-04 06:52:00.000053,"2,196.05 -34.45    -1.54%
02:51:44 - Real-time Data. Currency in INR ( Disclaimer )
Type:  Equity
Market:  India
ISIN:  INE030A01027
S/N:  HINDUNILVR","Summary:Strong Sell
Moving Averages:SellBuy (5)Sell (7)
Technical Indicators:Strong SellBuy (1)Sell (7)
Pivot PointsMay 04, 2022 06:50AM GMT
Name
S3
S2
S1
Pivot Points
R1
R2
R3
Classic
2171.54
2178.27
2185.24
2191.97
2198.94
2205.67
2212.64
Fibonacci
2178.27
2183.50
2186.74
2191.97
2197.20
2200.44
2205.67
Camarilla
2188.43
2189.69
2190.94
2191.97
2193.46
2194.71
2195.97
Woodie's
2171.64
2178.32
2185.34
2192.02
2199.04
2205.72
2212.74
DeMark's
-
-
2188.60
2193.65
2202.30
-
-
Technical IndicatorsMay 04, 2022 06:50AM GMT
Name
Value
Action
RSI(14)
44.247
Sell
STOCH(9,6)
28.494
Sell
STOCHRSI(14)
16.769
Oversold
MACD(12,26)
4.910
Buy
ADX(14)
26.203
Sell
Williams %R
-86.088
Oversold
CCI(14)
-168.1583
Sell
ATR(14)
22.1500
Less Volatility
Highs/Lows(14)
-19.5286
Sell
Ultimate Oscillator
29.445
Oversold
ROC
-3.645
Sell
Bull/Bear Power(13)
-49.7420
Sell
Buy: 1
Sell: 7
Neutral: 0


Summary:Strong Sell
Moving AveragesMay 04, 2022 06:50AM GMT
Period
Simple
Exponential
MA5
2202.46
Sell
2202.62
Sell
MA10
2218.46
Sell
2214.69
Sell
MA20
2234.45
Sell
2215.03
Sell
MA50
2182.96
Buy
2199.61
Sell
MA100
2171.40
Buy
2172.00
Buy
MA200
2126.15
Buy
2151.61
Buy
Buy: 5
Sell: 7


Summary:Sell","Volume: 679,175
Bid/Ask: 2,196.00 / 2,196.05
Day's Range: 2,182.65 - 2,250.85"
2022-05-04 06:54:00.000085,"2,195.95 -34.55    -1.55%
02:53:41 - Real-time Data. Currency in INR ( Disclaimer )
Type:  Equity
Market:  India
ISIN:  INE030A01027
S/N:  HINDUNILVR","Summary:Strong Sell
Moving Averages:SellBuy (5)Sell (7)
Technical Indicators:Strong SellBuy (1)Sell (7)
Pivot PointsMay 04, 2022 06:50AM GMT
Name
S3
S2
S1
Pivot Points
R1
R2
R3
Classic
2171.54
2178.27
2185.24
2191.97
2198.94
2205.67
2212.64
Fibonacci
2178.27
2183.50
2186.74
2191.97
2197.20
2200.44
2205.67
Camarilla
2188.43
2189.69
2190.94
2191.97
2193.46
2194.71
2195.97
Woodie's
2171.64
2178.32
2185.34
2192.02
2199.04
2205.72
2212.74
DeMark's
-
-
2188.60
2193.65
2202.30
-
-
Technical IndicatorsMay 04, 2022 06:50AM GMT
Name
Value
Action
RSI(14)
44.247
Sell
STOCH(9,6)
28.494
Sell
STOCHRSI(14)
16.769
Oversold
MACD(12,26)
4.910
Buy
ADX(14)
26.203
Sell
Williams %R
-86.088
Oversold
CCI(14)
-168.1583
Sell
ATR(14)
22.1500
Less Volatility
Highs/Lows(14)
-19.5286
Sell
Ultimate Oscillator
29.445
Oversold
ROC
-3.645
Sell
Bull/Bear Power(13)
-49.7420
Sell
Buy: 1
Sell: 7
Neutral: 0


Summary:Strong Sell
Moving AveragesMay 04, 2022 06:50AM GMT
Period
Simple
Exponential
MA5
2202.46
Sell
2202.62
Sell
MA10
2218.46
Sell
2214.69
Sell
MA20
2234.45
Sell
2215.03
Sell
MA50
2182.96
Buy
2199.61
Sell
MA100
2171.40
Buy
2172.00
Buy
MA200
2126.15
Buy
2151.61
Buy
Buy: 5
Sell: 7


Summary:Sell","Volume: 697,071
Bid/Ask: 2,195.35 / 2,195.95
Day's Range: 2,182.65 - 2,250.85"
2022-05-04 06:56:00.000052,"2,190.35 -40.15    -1.80%
02:55:39 - Real-time Data. Currency in INR ( Disclaimer )
Type:  Equity
Market:  India
ISIN:  INE030A01027
S/N:  HINDUNILVR","Summary:Strong Sell
Moving Averages:SellBuy (5)Sell (7)
Technical Indicators:Strong SellBuy (1)Sell (7)
Pivot PointsMay 04, 2022 06:50AM GMT
Name
S3
S2
S1
Pivot Points
R1
R2
R3
Classic
2171.54
2178.27
2185.24
2191.97
2198.94
2205.67
2212.64
Fibonacci
2178.27
2183.50
2186.74
2191.97
2197.20
2200.44
2205.67
Camarilla
2188.43
2189.69
2190.94
2191.97
2193.46
2194.71
2195.97
Woodie's
2171.64
2178.32
2185.34
2192.02
2199.04
2205.72
2212.74
DeMark's
-
-
2188.60
2193.65
2202.30
-
-
Technical IndicatorsMay 04, 2022 06:50AM GMT
Name
Value
Action
RSI(14)
44.247
Sell
STOCH(9,6)
28.494
Sell
STOCHRSI(14)
16.769
Oversold
MACD(12,26)
4.910
Buy
ADX(14)
26.203
Sell
Williams %R
-86.088
Oversold
CCI(14)
-168.1583
Sell
ATR(14)
22.1500
Less Volatility
Highs/Lows(14)
-19.5286
Sell
Ultimate Oscillator
29.445
Oversold
ROC
-3.645
Sell
Bull/Bear Power(13)
-49.7420
Sell
Buy: 1
Sell: 7
Neutral: 0


Summary:Strong Sell
Moving AveragesMay 04, 2022 06:50AM GMT
Period
Simple
Exponential
MA5
2202.46
Sell
2202.62
Sell
MA10
2218.46
Sell
2214.69
Sell
MA20
2234.45
Sell
2215.03
Sell
MA50
2182.96
Buy
2199.61
Sell
MA100
2171.40
Buy
2172.00
Buy
MA200
2126.15
Buy
2151.61
Buy
Buy: 5
Sell: 7


Summary:Sell","Volume: 703,195
Bid/Ask: 2,190.40 / 2,191.60
Day's Range: 2,182.65 - 2,250.85"
2022-05-04 06:58:00.000796,"2,187.60 -42.90    -1.92%
02:57:42 - Real-time Data. Currency in INR ( Disclaimer )
Type:  Equity
Market:  India
ISIN:  INE030A01027
S/N:  HINDUNILVR","Summary:Strong Sell
Moving Averages:SellBuy (5)Sell (7)
Technical Indicators:Strong SellBuy (1)Sell (7)
Pivot PointsMay 04, 2022 06:50AM GMT
Name
S3
S2
S1
Pivot Points
R1
R2
R3
Classic
2171.54
2178.27
2185.24
2191.97
2198.94
2205.67
2212.64
Fibonacci
2178.27
2183.50
2186.74
2191.97
2197.20
2200.44
2205.67
Camarilla
2188.43
2189.69
2190.94
2191.97
2193.46
2194.71
2195.97
Woodie's
2171.64
2178.32
2185.34
2192.02
2199.04
2205.72
2212.74
DeMark's
-
-
2188.60
2193.65
2202.30
-
-
Technical IndicatorsMay 04, 2022 06:50AM GMT
Name
Value
Action
RSI(14)
44.247
Sell
STOCH(9,6)
28.494
Sell
STOCHRSI(14)
16.769
Oversold
MACD(12,26)
4.910
Buy
ADX(14)
26.203
Sell
Williams %R
-86.088
Oversold
CCI(14)
-168.1583
Sell
ATR(14)
22.1500
Less Volatility
Highs/Lows(14)
-19.5286
Sell
Ultimate Oscillator
29.445
Oversold
ROC
-3.645
Sell
Bull/Bear Power(13)
-49.7420
Sell
Buy: 1
Sell: 7
Neutral: 0


Summary:Strong Sell
Moving AveragesMay 04, 2022 06:50AM GMT
Period
Simple
Exponential
MA5
2202.46
Sell
2202.62
Sell
MA10
2218.46
Sell
2214.69
Sell
MA20
2234.45
Sell
2215.03
Sell
MA50
2182.96
Buy
2199.61
Sell
MA100
2171.40
Buy
2172.00
Buy
MA200
2126.15
Buy
2151.61
Buy
Buy: 5
Sell: 7


Summary:Sell","Volume: 708,965
Bid/Ask: 2,186.45 / 2,187.60
Day's Range: 2,182.65 - 2,250.85"
2022-05-04 07:00:00.000074,"2,181.80 -48.70    -2.18%
02:59:38 - Real-time Data. Currency in INR ( Disclaimer )
Type:  Equity
Market:  India
ISIN:  INE030A01027
S/N:  HINDUNILVR","Summary:Strong Sell
Moving Averages:SellBuy (5)Sell (7)
Technical Indicators:Strong SellBuy (1)Sell (7)
Pivot PointsMay 04, 2022 06:50AM GMT
Name
S3
S2
S1
Pivot Points
R1
R2
R3
Classic
2171.54
2178.27
2185.24
2191.97
2198.94
2205.67
2212.64
Fibonacci
2178.27
2183.50
2186.74
2191.97
2197.20
2200.44
2205.67
Camarilla
2188.43
2189.69
2190.94
2191.97
2193.46
2194.71
2195.97
Woodie's
2171.64
2178.32
2185.34
2192.02
2199.04
2205.72
2212.74
DeMark's
-
-
2188.60
2193.65
2202.30
-
-
Technical IndicatorsMay 04, 2022 06:50AM GMT
Name
Value
Action
RSI(14)
44.247
Sell
STOCH(9,6)
28.494
Sell
STOCHRSI(14)
16.769
Oversold
MACD(12,26)
4.910
Buy
ADX(14)
26.203
Sell
Williams %R
-86.088
Oversold
CCI(14)
-168.1583
Sell
ATR(14)
22.1500
Less Volatility
Highs/Lows(14)
-19.5286
Sell
Ultimate Oscillator
29.445
Oversold
ROC
-3.645
Sell
Bull/Bear Power(13)
-49.7420
Sell
Buy: 1
Sell: 7
Neutral: 0


Summary:Strong Sell
Moving AveragesMay 04, 2022 06:50AM GMT
Period
Simple
Exponential
MA5
2202.46
Sell
2202.62
Sell
MA10
2218.46
Sell
2214.69
Sell
MA20
2234.45
Sell
2215.03
Sell
MA50
2182.96
Buy
2199.61
Sell
MA100
2171.40
Buy
2172.00
Buy
MA200
2126.15
Buy
2151.61
Buy
Buy: 5
Sell: 7


Summary:Sell","Volume: 722,733
Bid/Ask: 2,181.30 / 2,181.75
Day's Range: 2,180.00 - 2,250.85"
2022-05-04 07:02:00.000054,"2,182.80 -47.70    -2.14%
03:01:41 - Real-time Data. Currency in INR ( Disclaimer )
Type:  Equity
Market:  India
ISIN:  INE030A01027
S/N:  HINDUNILVR","Summary:Strong Sell
Moving Averages:SellBuy (4)Sell (8)
Technical Indicators:Strong SellBuy (1)Sell (7)
Pivot PointsMay 04, 2022 07:00AM GMT
Name
S3
S2
S1
Pivot Points
R1
R2
R3
Classic
2161.74
2171.77
2178.34
2188.37
2194.94
2204.97
2211.54
Fibonacci
2171.77
2178.11
2182.03
2188.37
2194.71
2198.63
2204.97
Camarilla
2180.33
2181.86
2183.38
2188.37
2186.42
2187.94
2189.46
Woodie's
2160.00
2170.90
2176.60
2187.50
2193.20
2204.10
2209.80
DeMark's
-
-
2175.05
2186.72
2191.65
-
-
Technical IndicatorsMay 04, 2022 07:00AM GMT
Name
Value
Action
RSI(14)
40.505
Sell
STOCH(9,6)
20.206
Sell
STOCHRSI(14)
0.731
Oversold
MACD(12,26)
1.800
Buy
ADX(14)
29.714
Sell
Williams %R
-96.632
Oversold
CCI(14)
-168.0416
Sell
ATR(14)
20.5250
Less Volatility
Highs/Lows(14)
-26.6000
Sell
Ultimate Oscillator
26.951
Oversold
ROC
-3.075
Sell
Bull/Bear Power(13)
-54.4241
Sell
Buy: 1
Sell: 7
Neutral: 0


Summary:Strong Sell
Moving AveragesMay 04, 2022 07:00AM GMT
Period
Simple
Exponential
MA5
2190.88
Sell
2194.47
Sell
MA10
2212.56
Sell
2207.77
Sell
MA20
2230.99
Sell
2210.94
Sell
MA50
2184.75
Sell
2198.84
Sell
MA100
2171.76
Buy
2172.13
Buy
MA200
2127.24
Buy
2151.80
Buy
Buy: 4
Sell: 8


Summary:Sell","Volume: 731,454
Bid/Ask: 2,182.80 / 2,183.10
Day's Range: 2,180.00 - 2,250.85"
2022-05-04 07:04:00.000052,"2,183.30 -47.20    -2.12%
03:03:44 - Real-time Data. Currency in INR ( Disclaimer )
Type:  Equity
Market:  India
ISIN:  INE030A01027
S/N:  HINDUNILVR","Summary:Strong Sell
Moving Averages:SellBuy (4)Sell (8)
Technical Indicators:Strong SellBuy (1)Sell (7)
Pivot PointsMay 04, 2022 07:00AM GMT
Name
S3
S2
S1
Pivot Points
R1
R2
R3
Classic
2161.74
2171.77
2178.34
2188.37
2194.94
2204.97
2211.54
Fibonacci
2171.77
2178.11
2182.03
2188.37
2194.71
2198.63
2204.97
Camarilla
2180.33
2181.86
2183.38
2188.37
2186.42
2187.94
2189.46
Woodie's
2160.00
2170.90
2176.60
2187.50
2193.20
2204.10
2209.80
DeMark's
-
-
2175.05
2186.72
2191.65
-
-
Technical IndicatorsMay 04, 2022 07:00AM GMT
Name
Value
Action
RSI(14)
40.505
Sell
STOCH(9,6)
20.206
Sell
STOCHRSI(14)
0.731
Oversold
MACD(12,26)
1.800
Buy
ADX(14)
29.714
Sell
Williams %R
-96.632
Oversold
CCI(14)
-168.0416
Sell
ATR(14)
20.5250
Less Volatility
Highs/Lows(14)
-26.6000
Sell
Ultimate Oscillator
26.951
Oversold
ROC
-3.075
Sell
Bull/Bear Power(13)
-54.4241
Sell
Buy: 1
Sell: 7
Neutral: 0


Summary:Strong Sell
Moving AveragesMay 04, 2022 07:00AM GMT
Period
Simple
Exponential
MA5
2190.88
Sell
2194.47
Sell
MA10
2212.56
Sell
2207.77
Sell
MA20
2230.99
Sell
2210.94
Sell
MA50
2184.75
Sell
2198.84
Sell
MA100
2171.76
Buy
2172.13
Buy
MA200
2127.24
Buy
2151.80
Buy
Buy: 4
Sell: 8


Summary:Sell","Volume: 734,864
Bid/Ask: 2,183.30 / 2,183.60
Day's Range: 2,180.00 - 2,250.85"
2022-05-04 07:06:00.000055,"2,181.85 -48.65    -2.18%
03:05:38 - Real-time Data. Currency in INR ( Disclaimer )
Type:  Equity
Market:  India
ISIN:  INE030A01027
S/N:  HINDUNILVR","Summary:Strong Sell
Moving Averages:SellBuy (4)Sell (8)
Technical Indicators:Strong SellBuy (1)Sell (7)
Pivot PointsMay 04, 2022 07:00AM GMT
Name
S3
S2
S1
Pivot Points
R1
R2
R3
Classic
2161.74
2171.77
2178.34
2188.37
2194.94
2204.97
2211.54
Fibonacci
2171.77
2178.11
2182.03
2188.37
2194.71
2198.63
2204.97
Camarilla
2180.33
2181.86
2183.38
2188.37
2186.42
2187.94
2189.46
Woodie's
2160.00
2170.90
2176.60
2187.50
2193.20
2204.10
2209.80
DeMark's
-
-
2175.05
2186.72
2191.65
-
-
Technical IndicatorsMay 04, 2022 07:00AM GMT
Name
Value
Action
RSI(14)
40.505
Sell
STOCH(9,6)
20.206
Sell
STOCHRSI(14)
0.731
Oversold
MACD(12,26)
1.800
Buy
ADX(14)
29.714
Sell
Williams %R
-96.632
Oversold
CCI(14)
-168.0416
Sell
ATR(14)
20.5250
Less Volatility
Highs/Lows(14)
-26.6000
Sell
Ultimate Oscillator
26.951
Oversold
ROC
-3.075
Sell
Bull/Bear Power(13)
-54.4241
Sell
Buy: 1
Sell: 7
Neutral: 0


Summary:Strong Sell
Moving AveragesMay 04, 2022 07:00AM GMT
Period
Simple
Exponential
MA5
2190.88
Sell
2194.47
Sell
MA10
2212.56
Sell
2207.77
Sell
MA20
2230.99
Sell
2210.94
Sell
MA50
2184.75
Sell
2198.84
Sell
MA100
2171.76
Buy
2172.13
Buy
MA200
2127.24
Buy
2151.80
Buy
Buy: 4
Sell: 8


Summary:Sell","Volume: 740,724
Bid/Ask: 2,181.95 / 2,182.00
Day's Range: 2,180.00 - 2,250.85"
2022-05-04 07:08:00.000055,"2,178.15 -52.35    -2.35%
03:07:43 - Real-time Data. Currency in INR ( Disclaimer )
Type:  Equity
Market:  India
ISIN:  INE030A01027
S/N:  HINDUNILVR","Summary:Strong Sell
Moving Averages:SellBuy (4)Sell (8)
Technical Indicators:Strong SellBuy (1)Sell (7)
Pivot PointsMay 04, 2022 07:00AM GMT
Name
S3
S2
S1
Pivot Points
R1
R2
R3
Classic
2161.74
2171.77
2178.34
2188.37
2194.94
2204.97
2211.54
Fibonacci
2171.77
2178.11
2182.03
2188.37
2194.71
2198.63
2204.97
Camarilla
2180.33
2181.86
2183.38
2188.37
2186.42
2187.94
2189.46
Woodie's
2160.00
2170.90
2176.60
2187.50
2193.20
2204.10
2209.80
DeMark's
-
-
2175.05
2186.72
2191.65
-
-
Technical IndicatorsMay 04, 2022 07:00AM GMT
Name
Value
Action
RSI(14)
40.505
Sell
STOCH(9,6)
20.206
Sell
STOCHRSI(14)
0.731
Oversold
MACD(12,26)
1.800
Buy
ADX(14)
29.714
Sell
Williams %R
-96.632
Oversold
CCI(14)
-168.0416
Sell
ATR(14)
20.5250
Less Volatility
Highs/Lows(14)
-26.6000
Sell
Ultimate Oscillator
26.951
Oversold
ROC
-3.075
Sell
Bull/Bear Power(13)
-54.4241
Sell
Buy: 1
Sell: 7
Neutral: 0


Summary:Strong Sell
Moving AveragesMay 04, 2022 07:00AM GMT
Period
Simple
Exponential
MA5
2190.88
Sell
2194.47
Sell
MA10
2212.56
Sell
2207.77
Sell
MA20
2230.99
Sell
2210.94
Sell
MA50
2184.75
Sell
2198.84
Sell
MA100
2171.76
Buy
2172.13
Buy
MA200
2127.24
Buy
2151.80
Buy
Buy: 4
Sell: 8


Summary:Sell","Volume: 754,116
Bid/Ask: 2,178.15 / 2,179.30
Day's Range: 2,177.85 - 2,250.85"
2022-05-04 07:10:00.000134,"2,174.20 -56.30    -2.52%
03:09:38 - Real-time Data. Currency in INR ( Disclaimer )
Type:  Equity
Market:  India
ISIN:  INE030A01027
S/N:  HINDUNILVR","Summary:Strong Sell
Moving Averages:SellBuy (4)Sell (8)
Technical Indicators:Strong SellBuy (1)Sell (7)
Pivot PointsMay 04, 2022 07:00AM GMT
Name
S3
S2
S1
Pivot Points
R1
R2
R3
Classic
2161.74
2171.77
2178.34
2188.37
2194.94
2204.97
2211.54
Fibonacci
2171.77
2178.11
2182.03
2188.37
2194.71
2198.63
2204.97
Camarilla
2180.33
2181.86
2183.38
2188.37
2186.42
2187.94
2189.46
Woodie's
2160.00
2170.90
2176.60
2187.50
2193.20
2204.10
2209.80
DeMark's
-
-
2175.05
2186.72
2191.65
-
-
Technical IndicatorsMay 04, 2022 07:00AM GMT
Name
Value
Action
RSI(14)
40.505
Sell
STOCH(9,6)
20.206
Sell
STOCHRSI(14)
0.731
Oversold
MACD(12,26)
1.800
Buy
ADX(14)
29.714
Sell
Williams %R
-96.632
Oversold
CCI(14)
-168.0416
Sell
ATR(14)
20.5250
Less Volatility
Highs/Lows(14)
-26.6000
Sell
Ultimate Oscillator
26.951
Oversold
ROC
-3.075
Sell
Bull/Bear Power(13)
-54.4241
Sell
Buy: 1
Sell: 7
Neutral: 0


Summary:Strong Sell
Moving AveragesMay 04, 2022 07:00AM GMT
Period
Simple
Exponential
MA5
2190.88
Sell
2194.47
Sell
MA10
2212.56
Sell
2207.77
Sell
MA20
2230.99
Sell
2210.94
Sell
MA50
2184.75
Sell
2198.84
Sell
MA100
2171.76
Buy
2172.13
Buy
MA200
2127.24
Buy
2151.80
Buy
Buy: 4
Sell: 8


Summary:Sell","Volume: 765,098
Bid/Ask: 2,173.05 / 2,174.20
Day's Range: 2,173.00 - 2,250.85"
2022-05-04 07:12:00.000085,"2,177.60 -52.90    -2.37%
03:11:42 - Real-time Data. Currency in INR ( Disclaimer )
Type:  Equity
Market:  India
ISIN:  INE030A01027
S/N:  HINDUNILVR","Summary:Strong Sell
Moving Averages:SellBuy (4)Sell (8)
Technical Indicators:Strong SellBuy (1)Sell (7)
Pivot PointsMay 04, 2022 07:10AM GMT
Name
S3
S2
S1
Pivot Points
R1
R2
R3
Classic
2161.74
2171.77
2178.34
2188.37
2194.94
2204.97
2211.54
Fibonacci
2171.77
2178.11
2182.03
2188.37
2194.71
2198.63
2204.97
Camarilla
2180.33
2181.86
2183.38
2188.37
2186.42
2187.94
2189.46
Woodie's
2160.00
2170.90
2176.60
2187.50
2193.20
2204.10
2209.80
DeMark's
-
-
2175.05
2186.72
2191.65
-
-
Technical IndicatorsMay 04, 2022 07:10AM GMT
Name
Value
Action
RSI(14)
37.980
Sell
STOCH(9,6)
26.688
Sell
STOCHRSI(14)
0.000
Oversold
MACD(12,26)
1.010
Buy
ADX(14)
30.644
Sell
Williams %R
-98.310
Oversold
CCI(14)
-191.2742
Sell
ATR(14)
21.3464
Less Volatility
Highs/Lows(14)
-35.6785
Sell
Ultimate Oscillator
26.463
Oversold
ROC
-3.514
Sell
Bull/Bear Power(13)
-63.0961
Sell
Buy: 1
Sell: 7
Neutral: 0


Summary:Strong Sell
Moving AveragesMay 04, 2022 07:10AM GMT
Period
Simple
Exponential
MA5
2188.90
Sell
2191.17
Sell
MA10
2211.57
Sell
2205.97
Sell
MA20
2230.49
Sell
2210.00
Sell
MA50
2184.55
Sell
2198.45
Sell
MA100
2171.66
Buy
2171.94
Buy
MA200
2127.19
Buy
2151.71
Buy
Buy: 4
Sell: 8


Summary:Sell","Volume: 771,959
Bid/Ask: 2,176.50 / 2,177.60
Day's Range: 2,172.00 - 2,250.85"
2022-05-04 07:14:00.000067,"2,177.80 -52.70    -2.36%
03:13:41 - Real-time Data. Currency in INR ( Disclaimer )
Type:  Equity
Market:  India
ISIN:  INE030A01027
S/N:  HINDUNILVR","Summary:Strong Sell
Moving Averages:SellBuy (4)Sell (8)
Technical Indicators:Strong SellBuy (1)Sell (7)
Pivot PointsMay 04, 2022 07:10AM GMT
Name
S3
S2
S1
Pivot Points
R1
R2
R3
Classic
2161.74
2171.77
2178.34
2188.37
2194.94
2204.97
2211.54
Fibonacci
2171.77
2178.11
2182.03
2188.37
2194.71
2198.63
2204.97
Camarilla
2180.33
2181.86
2183.38
2188.37
2186.42
2187.94
2189.46
Woodie's
2160.00
2170.90
2176.60
2187.50
2193.20
2204.10
2209.80
DeMark's
-
-
2175.05
2186.72
2191.65
-
-
Technical IndicatorsMay 04, 2022 07:10AM GMT
Name
Value
Action
RSI(14)
37.980
Sell
STOCH(9,6)
26.688
Sell
STOCHRSI(14)
0.000
Oversold
MACD(12,26)
1.010
Buy
ADX(14)
30.644
Sell
Williams %R
-98.310
Oversold
CCI(14)
-191.2742
Sell
ATR(14)
21.3464
Less Volatility
Highs/Lows(14)
-35.6785
Sell
Ultimate Oscillator
26.463
Oversold
ROC
-3.514
Sell
Bull/Bear Power(13)
-63.0961
Sell
Buy: 1
Sell: 7
Neutral: 0


Summary:Strong Sell
Moving AveragesMay 04, 2022 07:10AM GMT
Period
Simple
Exponential
MA5
2188.90
Sell
2191.17
Sell
MA10
2211.57
Sell
2205.97
Sell
MA20
2230.49
Sell
2210.00
Sell
MA50
2184.55
Sell
2198.45
Sell
MA100
2171.66
Buy
2171.94
Buy
MA200
2127.19
Buy
2151.71
Buy
Buy: 4
Sell: 8


Summary:Sell","Volume: 775,333
Bid/Ask: 2,177.00 / 2,177.80
Day's Range: 2,172.00 - 2,250.85"
2022-05-04 07:16:00.000050,"2,176.00 -54.50    -2.44%
03:15:41 - Real-time Data. Currency in INR ( Disclaimer )
Type:  Equity
Market:  India
ISIN:  INE030A01027
S/N:  HINDUNILVR","Summary:Strong Sell
Moving Averages:SellBuy (4)Sell (8)
Technical Indicators:Strong SellBuy (1)Sell (7)
Pivot PointsMay 04, 2022 07:10AM GMT
Name
S3
S2
S1
Pivot Points
R1
R2
R3
Classic
2161.74
2171.77
2178.34
2188.37
2194.94
2204.97
2211.54
Fibonacci
2171.77
2178.11
2182.03
2188.37
2194.71
2198.63
2204.97
Camarilla
2180.33
2181.86
2183.38
2188.37
2186.42
2187.94
2189.46
Woodie's
2160.00
2170.90
2176.60
2187.50
2193.20
2204.10
2209.80
DeMark's
-
-
2175.05
2186.72
2191.65
-
-
Technical IndicatorsMay 04, 2022 07:10AM GMT
Name
Value
Action
RSI(14)
37.980
Sell
STOCH(9,6)
26.688
Sell
STOCHRSI(14)
0.000
Oversold
MACD(12,26)
1.010
Buy
ADX(14)
30.644
Sell
Williams %R
-98.310
Oversold
CCI(14)
-191.2742
Sell
ATR(14)
21.3464
Less Volatility
Highs/Lows(14)
-35.6785
Sell
Ultimate Oscillator
26.463
Oversold
ROC
-3.514
Sell
Bull/Bear Power(13)
-63.0961
Sell
Buy: 1
Sell: 7
Neutral: 0


Summary:Strong Sell
Moving AveragesMay 04, 2022 07:10AM GMT
Period
Simple
Exponential
MA5
2188.90
Sell
2191.17
Sell
MA10
2211.57
Sell
2205.97
Sell
MA20
2230.49
Sell
2210.00
Sell
MA50
2184.55
Sell
2198.45
Sell
MA100
2171.66
Buy
2171.94
Buy
MA200
2127.19
Buy
2151.71
Buy
Buy: 4
Sell: 8


Summary:Sell","Volume: 778,440
Bid/Ask: 2,175.60 / 2,176.00
Day's Range: 2,172.00 - 2,250.85"
2022-05-04 07:18:00.000050,"2,174.75 -55.75    -2.50%
03:17:41 - Real-time Data. Currency in INR ( Disclaimer )
Type:  Equity
Market:  India
ISIN:  INE030A01027
S/N:  HINDUNILVR","Summary:Strong Sell
Moving Averages:SellBuy (4)Sell (8)
Technical Indicators:Strong SellBuy (1)Sell (7)
Pivot PointsMay 04, 2022 07:10AM GMT
Name
S3
S2
S1
Pivot Points
R1
R2
R3
Classic
2161.74
2171.77
2178.34
2188.37
2194.94
2204.97
2211.54
Fibonacci
2171.77
2178.11
2182.03
2188.37
2194.71
2198.63
2204.97
Camarilla
2180.33
2181.86
2183.38
2188.37
2186.42
2187.94
2189.46
Woodie's
2160.00
2170.90
2176.60
2187.50
2193.20
2204.10
2209.80
DeMark's
-
-
2175.05
2186.72
2191.65
-
-
Technical IndicatorsMay 04, 2022 07:10AM GMT
Name
Value
Action
RSI(14)
37.980
Sell
STOCH(9,6)
26.688
Sell
STOCHRSI(14)
0.000
Oversold
MACD(12,26)
1.010
Buy
ADX(14)
30.644
Sell
Williams %R
-98.310
Oversold
CCI(14)
-191.2742
Sell
ATR(14)
21.3464
Less Volatility
Highs/Lows(14)
-35.6785
Sell
Ultimate Oscillator
26.463
Oversold
ROC
-3.514
Sell
Bull/Bear Power(13)
-63.0961
Sell
Buy: 1
Sell: 7
Neutral: 0


Summary:Strong Sell
Moving AveragesMay 04, 2022 07:10AM GMT
Period
Simple
Exponential
MA5
2188.90
Sell
2191.17
Sell
MA10
2211.57
Sell
2205.97
Sell
MA20
2230.49
Sell
2210.00
Sell
MA50
2184.55
Sell
2198.45
Sell
MA100
2171.66
Buy
2171.94
Buy
MA200
2127.19
Buy
2151.71
Buy
Buy: 4
Sell: 8


Summary:Sell","Volume: 784,071
Bid/Ask: 2,174.70 / 2,174.75
Day's Range: 2,172.00 - 2,250.85"
2022-05-04 07:20:00.000052,"2,174.70 -55.80    -2.50%
03:19:37 - Real-time Data. Currency in INR ( Disclaimer )
Type:  Equity
Market:  India
ISIN:  INE030A01027
S/N:  HINDUNILVR","Summary:Strong Sell
Moving Averages:SellBuy (4)Sell (8)
Technical Indicators:Strong SellBuy (1)Sell (7)
Pivot PointsMay 04, 2022 07:10AM GMT
Name
S3
S2
S1
Pivot Points
R1
R2
R3
Classic
2161.74
2171.77
2178.34
2188.37
2194.94
2204.97
2211.54
Fibonacci
2171.77
2178.11
2182.03
2188.37
2194.71
2198.63
2204.97
Camarilla
2180.33
2181.86
2183.38
2188.37
2186.42
2187.94
2189.46
Woodie's
2160.00
2170.90
2176.60
2187.50
2193.20
2204.10
2209.80
DeMark's
-
-
2175.05
2186.72
2191.65
-
-
Technical IndicatorsMay 04, 2022 07:10AM GMT
Name
Value
Action
RSI(14)
37.980
Sell
STOCH(9,6)
26.688
Sell
STOCHRSI(14)
0.000
Oversold
MACD(12,26)
1.010
Buy
ADX(14)
30.644
Sell
Williams %R
-98.310
Oversold
CCI(14)
-191.2742
Sell
ATR(14)
21.3464
Less Volatility
Highs/Lows(14)
-35.6785
Sell
Ultimate Oscillator
26.463
Oversold
ROC
-3.514
Sell
Bull/Bear Power(13)
-63.0961
Sell
Buy: 1
Sell: 7
Neutral: 0


Summary:Strong Sell
Moving AveragesMay 04, 2022 07:10AM GMT
Period
Simple
Exponential
MA5
2188.90
Sell
2191.17
Sell
MA10
2211.57
Sell
2205.97
Sell
MA20
2230.49
Sell
2210.00
Sell
MA50
2184.55
Sell
2198.45
Sell
MA100
2171.66
Buy
2171.94
Buy
MA200
2127.19
Buy
2151.71
Buy
Buy: 4
Sell: 8


Summary:Sell","Volume: 786,690
Bid/Ask: 2,174.65 / 2,174.70
Day's Range: 2,172.00 - 2,250.85"
2022-05-04 07:22:00.000069,"2,177.00 -53.50    -2.40%
03:21:40 - Real-time Data. Currency in INR ( Disclaimer )
Type:  Equity
Market:  India
ISIN:  INE030A01027
S/N:  HINDUNILVR","Summary:Strong Sell
Moving Averages:SellBuy (4)Sell (8)
Technical Indicators:Strong SellBuy (1)Sell (7)
Pivot PointsMay 04, 2022 07:20AM GMT
Name
S3
S2
S1
Pivot Points
R1
R2
R3
Classic
2161.74
2171.77
2178.34
2188.37
2194.94
2204.97
2211.54
Fibonacci
2171.77
2178.11
2182.03
2188.37
2194.71
2198.63
2204.97
Camarilla
2180.33
2181.86
2183.38
2188.37
2186.42
2187.94
2189.46
Woodie's
2160.00
2170.90
2176.60
2187.50
2193.20
2204.10
2209.80
DeMark's
-
-
2175.05
2186.72
2191.65
-
-
Technical IndicatorsMay 04, 2022 07:20AM GMT
Name
Value
Action
RSI(14)
38.379
Sell
STOCH(9,6)
27.037
Sell
STOCHRSI(14)
0.000
Oversold
MACD(12,26)
1.140
Buy
ADX(14)
30.644
Sell
Williams %R
-96.568
Oversold
CCI(14)
-189.5333
Sell
ATR(14)
21.3464
Less Volatility
Highs/Lows(14)
-34.0286
Sell
Ultimate Oscillator
27.381
Oversold
ROC
-3.441
Sell
Bull/Bear Power(13)
-63.5681
Sell
Buy: 1
Sell: 7
Neutral: 0


Summary:Strong Sell
Moving AveragesMay 04, 2022 07:20AM GMT
Period
Simple
Exponential
MA5
2189.23
Sell
2191.72
Sell
MA10
2211.74
Sell
2206.27
Sell
MA20
2230.58
Sell
2210.16
Sell
MA50
2184.58
Sell
2198.52
Sell
MA100
2171.67
Buy
2171.97
Buy
MA200
2127.20
Buy
2151.72
Buy
Buy: 4
Sell: 8


Summary:Sell","Volume: 789,882
Bid/Ask: 2,176.25 / 2,176.90
Day's Range: 2,172.00 - 2,250.85"
2022-05-04 07:24:00.000051,"2,172.80 -57.70    -2.59%
03:23:42 - Real-time Data. Currency in INR ( Disclaimer )
Type:  Equity
Market:  India
ISIN:  INE030A01027
S/N:  HINDUNILVR","Summary:Strong Sell
Moving Averages:SellBuy (4)Sell (8)
Technical Indicators:Strong SellBuy (1)Sell (7)
Pivot PointsMay 04, 2022 07:20AM GMT
Name
S3
S2
S1
Pivot Points
R1
R2
R3
Classic
2161.74
2171.77
2178.34
2188.37
2194.94
2204.97
2211.54
Fibonacci
2171.77
2178.11
2182.03
2188.37
2194.71
2198.63
2204.97
Camarilla
2180.33
2181.86
2183.38
2188.37
2186.42
2187.94
2189.46
Woodie's
2160.00
2170.90
2176.60
2187.50
2193.20
2204.10
2209.80
DeMark's
-
-
2175.05
2186.72
2191.65
-
-
Technical IndicatorsMay 04, 2022 07:20AM GMT
Name
Value
Action
RSI(14)
38.379
Sell
STOCH(9,6)
27.037
Sell
STOCHRSI(14)
0.000
Oversold
MACD(12,26)
1.140
Buy
ADX(14)
30.644
Sell
Williams %R
-96.568
Oversold
CCI(14)
-189.5333
Sell
ATR(14)
21.3464
Less Volatility
Highs/Lows(14)
-34.0286
Sell
Ultimate Oscillator
27.381
Oversold
ROC
-3.441
Sell
Bull/Bear Power(13)
-63.5681
Sell
Buy: 1
Sell: 7
Neutral: 0


Summary:Strong Sell
Moving AveragesMay 04, 2022 07:20AM GMT
Period
Simple
Exponential
MA5
2189.23
Sell
2191.72
Sell
MA10
2211.74
Sell
2206.27
Sell
MA20
2230.58
Sell
2210.16
Sell
MA50
2184.58
Sell
2198.52
Sell
MA100
2171.67
Buy
2171.97
Buy
MA200
2127.20
Buy
2151.72
Buy
Buy: 4
Sell: 8


Summary:Sell","Volume: 793,895
Bid/Ask: 2,172.80 / 2,172.85
Day's Range: 2,172.00 - 2,250.85"
2022-05-04 07:26:00.000077,"2,170.85 -59.65    -2.67%
03:25:39 - Real-time Data. Currency in INR ( Disclaimer )
Type:  Equity
Market:  India
ISIN:  INE030A01027
S/N:  HINDUNILVR","Summary:Strong Sell
Moving Averages:SellBuy (4)Sell (8)
Technical Indicators:Strong SellBuy (1)Sell (7)
Pivot PointsMay 04, 2022 07:20AM GMT
Name
S3
S2
S1
Pivot Points
R1
R2
R3
Classic
2161.74
2171.77
2178.34
2188.37
2194.94
2204.97
2211.54
Fibonacci
2171.77
2178.11
2182.03
2188.37
2194.71
2198.63
2204.97
Camarilla
2180.33
2181.86
2183.38
2188.37
2186.42
2187.94
2189.46
Woodie's
2160.00
2170.90
2176.60
2187.50
2193.20
2204.10
2209.80
DeMark's
-
-
2175.05
2186.72
2191.65
-
-
Technical IndicatorsMay 04, 2022 07:20AM GMT
Name
Value
Action
RSI(14)
38.379
Sell
STOCH(9,6)
27.037
Sell
STOCHRSI(14)
0.000
Oversold
MACD(12,26)
1.140
Buy
ADX(14)
30.644
Sell
Williams %R
-96.568
Oversold
CCI(14)
-189.5333
Sell
ATR(14)
21.3464
Less Volatility
Highs/Lows(14)
-34.0286
Sell
Ultimate Oscillator
27.381
Oversold
ROC
-3.441
Sell
Bull/Bear Power(13)
-63.5681
Sell
Buy: 1
Sell: 7
Neutral: 0


Summary:Strong Sell
Moving AveragesMay 04, 2022 07:20AM GMT
Period
Simple
Exponential
MA5
2189.23
Sell
2191.72
Sell
MA10
2211.74
Sell
2206.27
Sell
MA20
2230.58
Sell
2210.16
Sell
MA50
2184.58
Sell
2198.52
Sell
MA100
2171.67
Buy
2171.97
Buy
MA200
2127.20
Buy
2151.72
Buy
Buy: 4
Sell: 8


Summary:Sell","Volume: 803,302
Bid/Ask: 2,170.85 / 2,170.95
Day's Range: 2,168.60 - 2,250.85"
2022-05-04 07:28:00.000052,"2,171.85 -58.65    -2.63%
03:27:41 - Real-time Data. Currency in INR ( Disclaimer )
Type:  Equity
Market:  India
ISIN:  INE030A01027
S/N:  HINDUNILVR","Summary:Strong Sell
Moving Averages:SellBuy (4)Sell (8)
Technical Indicators:Strong SellBuy (1)Sell (7)
Pivot PointsMay 04, 2022 07:20AM GMT
Name
S3
S2
S1
Pivot Points
R1
R2
R3
Classic
2161.74
2171.77
2178.34
2188.37
2194.94
2204.97
2211.54
Fibonacci
2171.77
2178.11
2182.03
2188.37
2194.71
2198.63
2204.97
Camarilla
2180.33
2181.86
2183.38
2188.37
2186.42
2187.94
2189.46
Woodie's
2160.00
2170.90
2176.60
2187.50
2193.20
2204.10
2209.80
DeMark's
-
-
2175.05
2186.72
2191.65
-
-
Technical IndicatorsMay 04, 2022 07:20AM GMT
Name
Value
Action
RSI(14)
38.379
Sell
STOCH(9,6)
27.037
Sell
STOCHRSI(14)
0.000
Oversold
MACD(12,26)
1.140
Buy
ADX(14)
30.644
Sell
Williams %R
-96.568
Oversold
CCI(14)
-189.5333
Sell
ATR(14)
21.3464
Less Volatility
Highs/Lows(14)
-34.0286
Sell
Ultimate Oscillator
27.381
Oversold
ROC
-3.441
Sell
Bull/Bear Power(13)
-63.5681
Sell
Buy: 1
Sell: 7
Neutral: 0


Summary:Strong Sell
Moving AveragesMay 04, 2022 07:20AM GMT
Period
Simple
Exponential
MA5
2189.23
Sell
2191.72
Sell
MA10
2211.74
Sell
2206.27
Sell
MA20
2230.58
Sell
2210.16
Sell
MA50
2184.58
Sell
2198.52
Sell
MA100
2171.67
Buy
2171.97
Buy
MA200
2127.20
Buy
2151.72
Buy
Buy: 4
Sell: 8


Summary:Sell","Volume: 806,844
Bid/Ask: 2,171.25 / 2,171.65
Day's Range: 2,168.60 - 2,250.85"
2022-05-04 07:30:00.000051,"2,176.65 -53.85    -2.41%
03:29:42 - Real-time Data. Currency in INR ( Disclaimer )
Type:  Equity
Market:  India
ISIN:  INE030A01027
S/N:  HINDUNILVR","Summary:Strong Sell
Moving Averages:SellBuy (4)Sell (8)
Technical Indicators:Strong SellBuy (1)Sell (7)
Pivot PointsMay 04, 2022 07:20AM GMT
Name
S3
S2
S1
Pivot Points
R1
R2
R3
Classic
2161.74
2171.77
2178.34
2188.37
2194.94
2204.97
2211.54
Fibonacci
2171.77
2178.11
2182.03
2188.37
2194.71
2198.63
2204.97
Camarilla
2180.33
2181.86
2183.38
2188.37
2186.42
2187.94
2189.46
Woodie's
2160.00
2170.90
2176.60
2187.50
2193.20
2204.10
2209.80
DeMark's
-
-
2175.05
2186.72
2191.65
-
-
Technical IndicatorsMay 04, 2022 07:20AM GMT
Name
Value
Action
RSI(14)
38.379
Sell
STOCH(9,6)
27.037
Sell
STOCHRSI(14)
0.000
Oversold
MACD(12,26)
1.140
Buy
ADX(14)
30.644
Sell
Williams %R
-96.568
Oversold
CCI(14)
-189.5333
Sell
ATR(14)
21.3464
Less Volatility
Highs/Lows(14)
-34.0286
Sell
Ultimate Oscillator
27.381
Oversold
ROC
-3.441
Sell
Bull/Bear Power(13)
-63.5681
Sell
Buy: 1
Sell: 7
Neutral: 0


Summary:Strong Sell
Moving AveragesMay 04, 2022 07:20AM GMT
Period
Simple
Exponential
MA5
2189.23
Sell
2191.72
Sell
MA10
2211.74
Sell
2206.27
Sell
MA20
2230.58
Sell
2210.16
Sell
MA50
2184.58
Sell
2198.52
Sell
MA100
2171.67
Buy
2171.97
Buy
MA200
2127.20
Buy
2151.72
Buy
Buy: 4
Sell: 8


Summary:Sell","Volume: 810,747
Bid/Ask: 2,176.35 / 2,176.55
Day's Range: 2,168.60 - 2,250.85"
2022-05-04 07:32:00.000070,"2,180.40 -50.10    -2.25%
03:31:33 - Real-time Data. Currency in INR ( Disclaimer )
Type:  Equity
Market:  India
ISIN:  INE030A01027
S/N:  HINDUNILVR","Summary:Strong Sell
Moving Averages:SellBuy (4)Sell (8)
Technical Indicators:Strong SellBuy (1)Sell (8)
Pivot PointsMay 04, 2022 07:30AM GMT
Name
S3
S2
S1
Pivot Points
R1
R2
R3
Classic
2161.74
2171.77
2178.34
2188.37
2194.94
2204.97
2211.54
Fibonacci
2171.77
2178.11
2182.03
2188.37
2194.71
2198.63
2204.97
Camarilla
2180.33
2181.86
2183.38
2188.37
2186.42
2187.94
2189.46
Woodie's
2160.00
2170.90
2176.60
2187.50
2193.20
2204.10
2209.80
DeMark's
-
-
2175.05
2186.72
2191.65
-
-
Technical IndicatorsMay 04, 2022 07:30AM GMT
Name
Value
Action
RSI(14)
38.711
Sell
STOCH(9,6)
31.273
Sell
STOCHRSI(14)
0.000
Oversold
MACD(12,26)
1.250
Buy
ADX(14)
30.712
Sell
Williams %R
-90.735
Oversold
CCI(14)
-192.9545
Sell
ATR(14)
21.6750
Less Volatility
Highs/Lows(14)
-32.3500
Sell
Ultimate Oscillator
30.041
Sell
ROC
-3.381
Sell
Bull/Bear Power(13)
-68.5520
Sell
Buy: 1
Sell: 8
Neutral: 0


Summary:Strong Sell
Moving AveragesMay 04, 2022 07:30AM GMT
Period
Simple
Exponential
MA5
2189.50
Sell
2192.17
Sell
MA10
2211.87
Sell
2206.51
Sell
MA20
2230.64
Sell
2210.28
Sell
MA50
2184.61
Sell
2198.57
Sell
MA100
2171.69
Buy
2172.00
Buy
MA200
2127.21
Buy
2151.74
Buy
Buy: 4
Sell: 8


Summary:Sell","Volume: 830,074
Bid/Ask: 2,180.40 / 2,180.50
Day's Range: 2,168.60 - 2,250.85"
2022-05-04 07:34:00.000057,"2,180.00 -50.50    -2.26%
03:33:42 - Real-time Data. Currency in INR ( Disclaimer )
Type:  Equity
Market:  India
ISIN:  INE030A01027
S/N:  HINDUNILVR","Summary:Strong Sell
Moving Averages:SellBuy (4)Sell (8)
Technical Indicators:Strong SellBuy (1)Sell (8)
Pivot PointsMay 04, 2022 07:30AM GMT
Name
S3
S2
S1
Pivot Points
R1
R2
R3
Classic
2161.74
2171.77
2178.34
2188.37
2194.94
2204.97
2211.54
Fibonacci
2171.77
2178.11
2182.03
2188.37
2194.71
2198.63
2204.97
Camarilla
2180.33
2181.86
2183.38
2188.37
2186.42
2187.94
2189.46
Woodie's
2160.00
2170.90
2176.60
2187.50
2193.20
2204.10
2209.80
DeMark's
-
-
2175.05
2186.72
2191.65
-
-
Technical IndicatorsMay 04, 2022 07:30AM GMT
Name
Value
Action
RSI(14)
38.711
Sell
STOCH(9,6)
31.273
Sell
STOCHRSI(14)
0.000
Oversold
MACD(12,26)
1.250
Buy
ADX(14)
30.712
Sell
Williams %R
-90.735
Oversold
CCI(14)
-192.9545
Sell
ATR(14)
21.6750
Less Volatility
Highs/Lows(14)
-32.3500
Sell
Ultimate Oscillator
30.041
Sell
ROC
-3.381
Sell
Bull/Bear Power(13)
-68.5520
Sell
Buy: 1
Sell: 8
Neutral: 0


Summary:Strong Sell
Moving AveragesMay 04, 2022 07:30AM GMT
Period
Simple
Exponential
MA5
2189.50
Sell
2192.17
Sell
MA10
2211.87
Sell
2206.51
Sell
MA20
2230.64
Sell
2210.28
Sell
MA50
2184.61
Sell
2198.57
Sell
MA100
2171.69
Buy
2172.00
Buy
MA200
2127.21
Buy
2151.74
Buy
Buy: 4
Sell: 8


Summary:Sell","Volume: 843,761
Bid/Ask: 2,180.00 / 2,180.15
Day's Range: 2,168.60 - 2,250.85"
2022-05-04 07:36:00.000053,"2,179.85 -50.65    -2.27%
03:35:41 - Real-time Data. Currency in INR ( Disclaimer )
Type:  Equity
Market:  India
ISIN:  INE030A01027
S/N:  HINDUNILVR","Summary:Strong Sell
Moving Averages:SellBuy (4)Sell (8)
Technical Indicators:Strong SellBuy (1)Sell (8)
Pivot PointsMay 04, 2022 07:30AM GMT
Name
S3
S2
S1
Pivot Points
R1
R2
R3
Classic
2161.74
2171.77
2178.34
2188.37
2194.94
2204.97
2211.54
Fibonacci
2171.77
2178.11
2182.03
2188.37
2194.71
2198.63
2204.97
Camarilla
2180.33
2181.86
2183.38
2188.37
2186.42
2187.94
2189.46
Woodie's
2160.00
2170.90
2176.60
2187.50
2193.20
2204.10
2209.80
DeMark's
-
-
2175.05
2186.72
2191.65
-
-
Technical IndicatorsMay 04, 2022 07:30AM GMT
Name
Value
Action
RSI(14)
38.711
Sell
STOCH(9,6)
31.273
Sell
STOCHRSI(14)
0.000
Oversold
MACD(12,26)
1.250
Buy
ADX(14)
30.712
Sell
Williams %R
-90.735
Oversold
CCI(14)
-192.9545
Sell
ATR(14)
21.6750
Less Volatility
Highs/Lows(14)
-32.3500
Sell
Ultimate Oscillator
30.041
Sell
ROC
-3.381
Sell
Bull/Bear Power(13)
-68.5520
Sell
Buy: 1
Sell: 8
Neutral: 0


Summary:Strong Sell
Moving AveragesMay 04, 2022 07:30AM GMT
Period
Simple
Exponential
MA5
2189.50
Sell
2192.17
Sell
MA10
2211.87
Sell
2206.51
Sell
MA20
2230.64
Sell
2210.28
Sell
MA50
2184.61
Sell
2198.57
Sell
MA100
2171.69
Buy
2172.00
Buy
MA200
2127.21
Buy
2151.74
Buy
Buy: 4
Sell: 8


Summary:Sell","Volume: 850,706
Bid/Ask: 2,179.55 / 2,179.75
Day's Range: 2,168.60 - 2,250.85"
2022-05-04 07:38:00.000056,"2,178.60 -51.90    -2.33%
03:37:43 - Real-time Data. Currency in INR ( Disclaimer )
Type:  Equity
Market:  India
ISIN:  INE030A01027
S/N:  HINDUNILVR","Summary:Strong Sell
Moving Averages:SellBuy (4)Sell (8)
Technical Indicators:Strong SellBuy (1)Sell (8)
Pivot PointsMay 04, 2022 07:30AM GMT
Name
S3
S2
S1
Pivot Points
R1
R2
R3
Classic
2161.74
2171.77
2178.34
2188.37
2194.94
2204.97
2211.54
Fibonacci
2171.77
2178.11
2182.03
2188.37
2194.71
2198.63
2204.97
Camarilla
2180.33
2181.86
2183.38
2188.37
2186.42
2187.94
2189.46
Woodie's
2160.00
2170.90
2176.60
2187.50
2193.20
2204.10
2209.80
DeMark's
-
-
2175.05
2186.72
2191.65
-
-
Technical IndicatorsMay 04, 2022 07:30AM GMT
Name
Value
Action
RSI(14)
38.711
Sell
STOCH(9,6)
31.273
Sell
STOCHRSI(14)
0.000
Oversold
MACD(12,26)
1.250
Buy
ADX(14)
30.712
Sell
Williams %R
-90.735
Oversold
CCI(14)
-192.9545
Sell
ATR(14)
21.6750
Less Volatility
Highs/Lows(14)
-32.3500
Sell
Ultimate Oscillator
30.041
Sell
ROC
-3.381
Sell
Bull/Bear Power(13)
-68.5520
Sell
Buy: 1
Sell: 8
Neutral: 0


Summary:Strong Sell
Moving AveragesMay 04, 2022 07:30AM GMT
Period
Simple
Exponential
MA5
2189.50
Sell
2192.17
Sell
MA10
2211.87
Sell
2206.51
Sell
MA20
2230.64
Sell
2210.28
Sell
MA50
2184.61
Sell
2198.57
Sell
MA100
2171.69
Buy
2172.00
Buy
MA200
2127.21
Buy
2151.74
Buy
Buy: 4
Sell: 8


Summary:Sell","Volume: 854,175
Bid/Ask: 2,178.60 / 2,178.70
Day's Range: 2,168.60 - 2,250.85"
2022-05-04 07:40:00.000052,"2,178.05 -52.45    -2.35%
03:39:39 - Real-time Data. Currency in INR ( Disclaimer )
Type:  Equity
Market:  India
ISIN:  INE030A01027
S/N:  HINDUNILVR","Summary:Strong Sell
Moving Averages:SellBuy (4)Sell (8)
Technical Indicators:Strong SellBuy (1)Sell (8)
Pivot PointsMay 04, 2022 07:30AM GMT
Name
S3
S2
S1
Pivot Points
R1
R2
R3
Classic
2161.74
2171.77
2178.34
2188.37
2194.94
2204.97
2211.54
Fibonacci
2171.77
2178.11
2182.03
2188.37
2194.71
2198.63
2204.97
Camarilla
2180.33
2181.86
2183.38
2188.37
2186.42
2187.94
2189.46
Woodie's
2160.00
2170.90
2176.60
2187.50
2193.20
2204.10
2209.80
DeMark's
-
-
2175.05
2186.72
2191.65
-
-
Technical IndicatorsMay 04, 2022 07:30AM GMT
Name
Value
Action
RSI(14)
38.711
Sell
STOCH(9,6)
31.273
Sell
STOCHRSI(14)
0.000
Oversold
MACD(12,26)
1.250
Buy
ADX(14)
30.712
Sell
Williams %R
-90.735
Oversold
CCI(14)
-192.9545
Sell
ATR(14)
21.6750
Less Volatility
Highs/Lows(14)
-32.3500
Sell
Ultimate Oscillator
30.041
Sell
ROC
-3.381
Sell
Bull/Bear Power(13)
-68.5520
Sell
Buy: 1
Sell: 8
Neutral: 0


Summary:Strong Sell
Moving AveragesMay 04, 2022 07:30AM GMT
Period
Simple
Exponential
MA5
2189.50
Sell
2192.17
Sell
MA10
2211.87
Sell
2206.51
Sell
MA20
2230.64
Sell
2210.28
Sell
MA50
2184.61
Sell
2198.57
Sell
MA100
2171.69
Buy
2172.00
Buy
MA200
2127.21
Buy
2151.74
Buy
Buy: 4
Sell: 8


Summary:Sell","Volume: 857,185
Bid/Ask: 2,178.05 / 2,178.15
Day's Range: 2,168.60 - 2,250.85"
2022-05-04 07:42:00.000053,"2,176.10 -54.40    -2.44%
03:41:41 - Real-time Data. Currency in INR ( Disclaimer )
Type:  Equity
Market:  India
ISIN:  INE030A01027
S/N:  HINDUNILVR","Summary:Strong Sell
Moving Averages:SellBuy (4)Sell (8)
Technical Indicators:Strong SellBuy (1)Sell (7)
Pivot PointsMay 04, 2022 07:40AM GMT
Name
S3
S2
S1
Pivot Points
R1
R2
R3
Classic
2161.74
2171.77
2178.34
2188.37
2194.94
2204.97
2211.54
Fibonacci
2171.77
2178.11
2182.03
2188.37
2194.71
2198.63
2204.97
Camarilla
2180.33
2181.86
2183.38
2188.37
2186.42
2187.94
2189.46
Woodie's
2160.00
2170.90
2176.60
2187.50
2193.20
2204.10
2209.80
DeMark's
-
-
2175.05
2186.72
2191.65
-
-
Technical IndicatorsMay 04, 2022 07:40AM GMT
Name
Value
Action
RSI(14)
38.367
Sell
STOCH(9,6)
30.993
Sell
STOCHRSI(14)
0.000
Oversold
MACD(12,26)
1.130
Buy
ADX(14)
30.712
Sell
Williams %R
-92.145
Oversold
CCI(14)
-194.4189
Sell
ATR(14)
21.6750
Less Volatility
Highs/Lows(14)
-33.7501
Sell
Ultimate Oscillator
29.285
Oversold
ROC
-3.443
Sell
Bull/Bear Power(13)
-68.1520
Sell
Buy: 1
Sell: 7
Neutral: 0


Summary:Strong Sell
Moving AveragesMay 04, 2022 07:40AM GMT
Period
Simple
Exponential
MA5
2189.22
Sell
2191.70
Sell
MA10
2211.73
Sell
2206.26
Sell
MA20
2230.57
Sell
2210.15
Sell
MA50
2184.58
Sell
2198.52
Sell
MA100
2171.67
Buy
2171.97
Buy
MA200
2127.20
Buy
2151.72
Buy
Buy: 4
Sell: 8


Summary:Sell","Volume: 860,214
Bid/Ask: 2,176.10 / 2,176.15
Day's Range: 2,168.60 - 2,250.85"
2022-05-04 07:44:00.000058,"2,176.85 -53.65    -2.41%
03:43:38 - Real-time Data. Currency in INR ( Disclaimer )
Type:  Equity
Market:  India
ISIN:  INE030A01027
S/N:  HINDUNILVR","Summary:Strong Sell
Moving Averages:SellBuy (4)Sell (8)
Technical Indicators:Strong SellBuy (1)Sell (7)
Pivot PointsMay 04, 2022 07:40AM GMT
Name
S3
S2
S1
Pivot Points
R1
R2
R3
Classic
2161.74
2171.77
2178.34
2188.37
2194.94
2204.97
2211.54
Fibonacci
2171.77
2178.11
2182.03
2188.37
2194.71
2198.63
2204.97
Camarilla
2180.33
2181.86
2183.38
2188.37
2186.42
2187.94
2189.46
Woodie's
2160.00
2170.90
2176.60
2187.50
2193.20
2204.10
2209.80
DeMark's
-
-
2175.05
2186.72
2191.65
-
-
Technical IndicatorsMay 04, 2022 07:40AM GMT
Name
Value
Action
RSI(14)
38.367
Sell
STOCH(9,6)
30.993
Sell
STOCHRSI(14)
0.000
Oversold
MACD(12,26)
1.130
Buy
ADX(14)
30.712
Sell
Williams %R
-92.145
Oversold
CCI(14)
-194.4189
Sell
ATR(14)
21.6750
Less Volatility
Highs/Lows(14)
-33.7501
Sell
Ultimate Oscillator
29.285
Oversold
ROC
-3.443
Sell
Bull/Bear Power(13)
-68.1520
Sell
Buy: 1
Sell: 7
Neutral: 0


Summary:Strong Sell
Moving AveragesMay 04, 2022 07:40AM GMT
Period
Simple
Exponential
MA5
2189.22
Sell
2191.70
Sell
MA10
2211.73
Sell
2206.26
Sell
MA20
2230.57
Sell
2210.15
Sell
MA50
2184.58
Sell
2198.52
Sell
MA100
2171.67
Buy
2171.97
Buy
MA200
2127.20
Buy
2151.72
Buy
Buy: 4
Sell: 8


Summary:Sell","Volume: 862,186
Bid/Ask: 2,176.75 / 2,176.85
Day's Range: 2,168.60 - 2,250.85"
2022-05-04 07:46:00.000053,"2,176.15 -54.35    -2.44%
03:45:42 - Real-time Data. Currency in INR ( Disclaimer )
Type:  Equity
Market:  India
ISIN:  INE030A01027
S/N:  HINDUNILVR","Summary:Strong Sell
Moving Averages:SellBuy (4)Sell (8)
Technical Indicators:Strong SellBuy (1)Sell (7)
Pivot PointsMay 04, 2022 07:40AM GMT
Name
S3
S2
S1
Pivot Points
R1
R2
R3
Classic
2161.74
2171.77
2178.34
2188.37
2194.94
2204.97
2211.54
Fibonacci
2171.77
2178.11
2182.03
2188.37
2194.71
2198.63
2204.97
Camarilla
2180.33
2181.86
2183.38
2188.37
2186.42
2187.94
2189.46
Woodie's
2160.00
2170.90
2176.60
2187.50
2193.20
2204.10
2209.80
DeMark's
-
-
2175.05
2186.72
2191.65
-
-
Technical IndicatorsMay 04, 2022 07:40AM GMT
Name
Value
Action
RSI(14)
38.367
Sell
STOCH(9,6)
30.993
Sell
STOCHRSI(14)
0.000
Oversold
MACD(12,26)
1.130
Buy
ADX(14)
30.712
Sell
Williams %R
-92.145
Oversold
CCI(14)
-194.4189
Sell
ATR(14)
21.6750
Less Volatility
Highs/Lows(14)
-33.7501
Sell
Ultimate Oscillator
29.285
Oversold
ROC
-3.443
Sell
Bull/Bear Power(13)
-68.1520
Sell
Buy: 1
Sell: 7
Neutral: 0


Summary:Strong Sell
Moving AveragesMay 04, 2022 07:40AM GMT
Period
Simple
Exponential
MA5
2189.22
Sell
2191.70
Sell
MA10
2211.73
Sell
2206.26
Sell
MA20
2230.57
Sell
2210.15
Sell
MA50
2184.58
Sell
2198.52
Sell
MA100
2171.67
Buy
2171.97
Buy
MA200
2127.20
Buy
2151.72
Buy
Buy: 4
Sell: 8


Summary:Sell","Volume: 865,732
Bid/Ask: 2,176.15 / 2,176.60
Day's Range: 2,168.60 - 2,250.85"
2022-05-04 07:48:00.000069,"2,180.25 -50.25    -2.25%
03:47:36 - Real-time Data. Currency in INR ( Disclaimer )
Type:  Equity
Market:  India
ISIN:  INE030A01027
S/N:  HINDUNILVR","Summary:Strong Sell
Moving Averages:SellBuy (4)Sell (8)
Technical Indicators:Strong SellBuy (1)Sell (7)
Pivot PointsMay 04, 2022 07:40AM GMT
Name
S3
S2
S1
Pivot Points
R1
R2
R3
Classic
2161.74
2171.77
2178.34
2188.37
2194.94
2204.97
2211.54
Fibonacci
2171.77
2178.11
2182.03
2188.37
2194.71
2198.63
2204.97
Camarilla
2180.33
2181.86
2183.38
2188.37
2186.42
2187.94
2189.46
Woodie's
2160.00
2170.90
2176.60
2187.50
2193.20
2204.10
2209.80
DeMark's
-
-
2175.05
2186.72
2191.65
-
-
Technical IndicatorsMay 04, 2022 07:40AM GMT
Name
Value
Action
RSI(14)
38.367
Sell
STOCH(9,6)
30.993
Sell
STOCHRSI(14)
0.000
Oversold
MACD(12,26)
1.130
Buy
ADX(14)
30.712
Sell
Williams %R
-92.145
Oversold
CCI(14)
-194.4189
Sell
ATR(14)
21.6750
Less Volatility
Highs/Lows(14)
-33.7501
Sell
Ultimate Oscillator
29.285
Oversold
ROC
-3.443
Sell
Bull/Bear Power(13)
-68.1520
Sell
Buy: 1
Sell: 7
Neutral: 0


Summary:Strong Sell
Moving AveragesMay 04, 2022 07:40AM GMT
Period
Simple
Exponential
MA5
2189.22
Sell
2191.70
Sell
MA10
2211.73
Sell
2206.26
Sell
MA20
2230.57
Sell
2210.15
Sell
MA50
2184.58
Sell
2198.52
Sell
MA100
2171.67
Buy
2171.97
Buy
MA200
2127.20
Buy
2151.72
Buy
Buy: 4
Sell: 8


Summary:Sell","Volume: 872,612
Bid/Ask: 2,180.25 / 2,180.60
Day's Range: 2,168.60 - 2,250.85"
2022-05-04 07:50:00.000052,"2,180.55 -49.95    -2.24%
03:49:38 - Real-time Data. Currency in INR ( Disclaimer )
Type:  Equity
Market:  India
ISIN:  INE030A01027
S/N:  HINDUNILVR","Summary:Strong Sell
Moving Averages:SellBuy (4)Sell (8)
Technical Indicators:Strong SellBuy (1)Sell (7)
Pivot PointsMay 04, 2022 07:40AM GMT
Name
S3
S2
S1
Pivot Points
R1
R2
R3
Classic
2161.74
2171.77
2178.34
2188.37
2194.94
2204.97
2211.54
Fibonacci
2171.77
2178.11
2182.03
2188.37
2194.71
2198.63
2204.97
Camarilla
2180.33
2181.86
2183.38
2188.37
2186.42
2187.94
2189.46
Woodie's
2160.00
2170.90
2176.60
2187.50
2193.20
2204.10
2209.80
DeMark's
-
-
2175.05
2186.72
2191.65
-
-
Technical IndicatorsMay 04, 2022 07:40AM GMT
Name
Value
Action
RSI(14)
38.367
Sell
STOCH(9,6)
30.993
Sell
STOCHRSI(14)
0.000
Oversold
MACD(12,26)
1.130
Buy
ADX(14)
30.712
Sell
Williams %R
-92.145
Oversold
CCI(14)
-194.4189
Sell
ATR(14)
21.6750
Less Volatility
Highs/Lows(14)
-33.7501
Sell
Ultimate Oscillator
29.285
Oversold
ROC
-3.443
Sell
Bull/Bear Power(13)
-68.1520
Sell
Buy: 1
Sell: 7
Neutral: 0


Summary:Strong Sell
Moving AveragesMay 04, 2022 07:40AM GMT
Period
Simple
Exponential
MA5
2189.22
Sell
2191.70
Sell
MA10
2211.73
Sell
2206.26
Sell
MA20
2230.57
Sell
2210.15
Sell
MA50
2184.58
Sell
2198.52
Sell
MA100
2171.67
Buy
2171.97
Buy
MA200
2127.20
Buy
2151.72
Buy
Buy: 4
Sell: 8


Summary:Sell","Volume: 875,036
Bid/Ask: 2,180.40 / 2,180.45
Day's Range: 2,168.60 - 2,250.85"
2022-05-04 07:52:00.000062,"2,180.60 -49.90    -2.24%
03:51:43 - Real-time Data. Currency in INR ( Disclaimer )
Type:  Equity
Market:  India
ISIN:  INE030A01027
S/N:  HINDUNILVR","Summary:Strong Sell
Moving Averages:SellBuy (4)Sell (8)
Technical Indicators:Strong SellBuy (1)Sell (8)
Pivot PointsMay 04, 2022 07:50AM GMT
Name
S3
S2
S1
Pivot Points
R1
R2
R3
Classic
2161.74
2171.77
2178.34
2188.37
2194.94
2204.97
2211.54
Fibonacci
2171.77
2178.11
2182.03
2188.37
2194.71
2198.63
2204.97
Camarilla
2180.33
2181.86
2183.38
2188.37
2186.42
2187.94
2189.46
Woodie's
2160.00
2170.90
2176.60
2187.50
2193.20
2204.10
2209.80
DeMark's
-
-
2175.05
2186.72
2191.65
-
-
Technical IndicatorsMay 04, 2022 07:50AM GMT
Name
Value
Action
RSI(14)
38.761
Sell
STOCH(9,6)
31.313
Sell
STOCHRSI(14)
0.000
Oversold
MACD(12,26)
1.260
Buy
ADX(14)
30.712
Sell
Williams %R
-90.534
Oversold
CCI(14)
-192.7449
Sell
ATR(14)
21.6750
Less Volatility
Highs/Lows(14)
-32.1500
Sell
Ultimate Oscillator
30.149
Sell
ROC
-3.372
Sell
Bull/Bear Power(13)
-68.6100
Sell
Buy: 1
Sell: 8
Neutral: 0


Summary:Strong Sell
Moving AveragesMay 04, 2022 07:50AM GMT
Period
Simple
Exponential
MA5
2189.54
Sell
2192.23
Sell
MA10
2211.89
Sell
2206.55
Sell
MA20
2230.65
Sell
2210.30
Sell
MA50
2184.61
Sell
2198.58
Sell
MA100
2171.69
Buy
2172.00
Buy
MA200
2127.21
Buy
2151.74
Buy
Buy: 4
Sell: 8


Summary:Sell","Volume: 883,233
Bid/Ask: 2,180.60 / 2,180.65
Day's Range: 2,168.60 - 2,250.85"
2022-05-04 07:54:00.000053,"2,179.65 -50.85    -2.28%
03:53:39 - Real-time Data. Currency in INR ( Disclaimer )
Type:  Equity
Market:  India
ISIN:  INE030A01027
S/N:  HINDUNILVR","Summary:Strong Sell
Moving Averages:SellBuy (4)Sell (8)
Technical Indicators:Strong SellBuy (1)Sell (8)
Pivot PointsMay 04, 2022 07:50AM GMT
Name
S3
S2
S1
Pivot Points
R1
R2
R3
Classic
2161.74
2171.77
2178.34
2188.37
2194.94
2204.97
2211.54
Fibonacci
2171.77
2178.11
2182.03
2188.37
2194.71
2198.63
2204.97
Camarilla
2180.33
2181.86
2183.38
2188.37
2186.42
2187.94
2189.46
Woodie's
2160.00
2170.90
2176.60
2187.50
2193.20
2204.10
2209.80
DeMark's
-
-
2175.05
2186.72
2191.65
-
-
Technical IndicatorsMay 04, 2022 07:50AM GMT
Name
Value
Action
RSI(14)
38.761
Sell
STOCH(9,6)
31.313
Sell
STOCHRSI(14)
0.000
Oversold
MACD(12,26)
1.260
Buy
ADX(14)
30.712
Sell
Williams %R
-90.534
Oversold
CCI(14)
-192.7449
Sell
ATR(14)
21.6750
Less Volatility
Highs/Lows(14)
-32.1500
Sell
Ultimate Oscillator
30.149
Sell
ROC
-3.372
Sell
Bull/Bear Power(13)
-68.6100
Sell
Buy: 1
Sell: 8
Neutral: 0


Summary:Strong Sell
Moving AveragesMay 04, 2022 07:50AM GMT
Period
Simple
Exponential
MA5
2189.54
Sell
2192.23
Sell
MA10
2211.89
Sell
2206.55
Sell
MA20
2230.65
Sell
2210.30
Sell
MA50
2184.61
Sell
2198.58
Sell
MA100
2171.69
Buy
2172.00
Buy
MA200
2127.21
Buy
2151.74
Buy
Buy: 4
Sell: 8


Summary:Sell","Volume: 887,401
Bid/Ask: 2,179.60 / 2,179.95
Day's Range: 2,168.60 - 2,250.85"
2022-05-04 07:56:00.000053,"2,180.00 -50.50    -2.26%
03:55:42 - Real-time Data. Currency in INR ( Disclaimer )
Type:  Equity
Market:  India
ISIN:  INE030A01027
S/N:  HINDUNILVR","Summary:Strong Sell
Moving Averages:SellBuy (4)Sell (8)
Technical Indicators:Strong SellBuy (1)Sell (8)
Pivot PointsMay 04, 2022 07:50AM GMT
Name
S3
S2
S1
Pivot Points
R1
R2
R3
Classic
2161.74
2171.77
2178.34
2188.37
2194.94
2204.97
2211.54
Fibonacci
2171.77
2178.11
2182.03
2188.37
2194.71
2198.63
2204.97
Camarilla
2180.33
2181.86
2183.38
2188.37
2186.42
2187.94
2189.46
Woodie's
2160.00
2170.90
2176.60
2187.50
2193.20
2204.10
2209.80
DeMark's
-
-
2175.05
2186.72
2191.65
-
-
Technical IndicatorsMay 04, 2022 07:50AM GMT
Name
Value
Action
RSI(14)
38.761
Sell
STOCH(9,6)
31.313
Sell
STOCHRSI(14)
0.000
Oversold
MACD(12,26)
1.260
Buy
ADX(14)
30.712
Sell
Williams %R
-90.534
Oversold
CCI(14)
-192.7449
Sell
ATR(14)
21.6750
Less Volatility
Highs/Lows(14)
-32.1500
Sell
Ultimate Oscillator
30.149
Sell
ROC
-3.372
Sell
Bull/Bear Power(13)
-68.6100
Sell
Buy: 1
Sell: 8
Neutral: 0


Summary:Strong Sell
Moving AveragesMay 04, 2022 07:50AM GMT
Period
Simple
Exponential
MA5
2189.54
Sell
2192.23
Sell
MA10
2211.89
Sell
2206.55
Sell
MA20
2230.65
Sell
2210.30
Sell
MA50
2184.61
Sell
2198.58
Sell
MA100
2171.69
Buy
2172.00
Buy
MA200
2127.21
Buy
2151.74
Buy
Buy: 4
Sell: 8


Summary:Sell","Volume: 895,249
Bid/Ask: 2,180.00 / 2,180.05
Day's Range: 2,168.60 - 2,250.85"
2022-05-04 07:58:00.000053,"2,178.90 -51.60    -2.31%
03:57:40 - Real-time Data. Currency in INR ( Disclaimer )
Type:  Equity
Market:  India
ISIN:  INE030A01027
S/N:  HINDUNILVR","Summary:Strong Sell
Moving Averages:SellBuy (4)Sell (8)
Technical Indicators:Strong SellBuy (1)Sell (8)
Pivot PointsMay 04, 2022 07:50AM GMT
Name
S3
S2
S1
Pivot Points
R1
R2
R3
Classic
2161.74
2171.77
2178.34
2188.37
2194.94
2204.97
2211.54
Fibonacci
2171.77
2178.11
2182.03
2188.37
2194.71
2198.63
2204.97
Camarilla
2180.33
2181.86
2183.38
2188.37
2186.42
2187.94
2189.46
Woodie's
2160.00
2170.90
2176.60
2187.50
2193.20
2204.10
2209.80
DeMark's
-
-
2175.05
2186.72
2191.65
-
-
Technical IndicatorsMay 04, 2022 07:50AM GMT
Name
Value
Action
RSI(14)
38.761
Sell
STOCH(9,6)
31.313
Sell
STOCHRSI(14)
0.000
Oversold
MACD(12,26)
1.260
Buy
ADX(14)
30.712
Sell
Williams %R
-90.534
Oversold
CCI(14)
-192.7449
Sell
ATR(14)
21.6750
Less Volatility
Highs/Lows(14)
-32.1500
Sell
Ultimate Oscillator
30.149
Sell
ROC
-3.372
Sell
Bull/Bear Power(13)
-68.6100
Sell
Buy: 1
Sell: 8
Neutral: 0


Summary:Strong Sell
Moving AveragesMay 04, 2022 07:50AM GMT
Period
Simple
Exponential
MA5
2189.54
Sell
2192.23
Sell
MA10
2211.89
Sell
2206.55
Sell
MA20
2230.65
Sell
2210.30
Sell
MA50
2184.61
Sell
2198.58
Sell
MA100
2171.69
Buy
2172.00
Buy
MA200
2127.21
Buy
2151.74
Buy
Buy: 4
Sell: 8


Summary:Sell","Volume: 899,860
Bid/Ask: 2,177.95 / 2,178.90
Day's Range: 2,168.60 - 2,250.85"
2022-05-04 08:00:00.000051,"2,176.40 -54.10    -2.43%
03:59:43 - Real-time Data. Currency in INR ( Disclaimer )
Type:  Equity
Market:  India
ISIN:  INE030A01027
S/N:  HINDUNILVR","Summary:Strong Sell
Moving Averages:SellBuy (4)Sell (8)
Technical Indicators:Strong SellBuy (1)Sell (8)
Pivot PointsMay 04, 2022 07:50AM GMT
Name
S3
S2
S1
Pivot Points
R1
R2
R3
Classic
2161.74
2171.77
2178.34
2188.37
2194.94
2204.97
2211.54
Fibonacci
2171.77
2178.11
2182.03
2188.37
2194.71
2198.63
2204.97
Camarilla
2180.33
2181.86
2183.38
2188.37
2186.42
2187.94
2189.46
Woodie's
2160.00
2170.90
2176.60
2187.50
2193.20
2204.10
2209.80
DeMark's
-
-
2175.05
2186.72
2191.65
-
-
Technical IndicatorsMay 04, 2022 07:50AM GMT
Name
Value
Action
RSI(14)
38.761
Sell
STOCH(9,6)
31.313
Sell
STOCHRSI(14)
0.000
Oversold
MACD(12,26)
1.260
Buy
ADX(14)
30.712
Sell
Williams %R
-90.534
Oversold
CCI(14)
-192.7449
Sell
ATR(14)
21.6750
Less Volatility
Highs/Lows(14)
-32.1500
Sell
Ultimate Oscillator
30.149
Sell
ROC
-3.372
Sell
Bull/Bear Power(13)
-68.6100
Sell
Buy: 1
Sell: 8
Neutral: 0


Summary:Strong Sell
Moving AveragesMay 04, 2022 07:50AM GMT
Period
Simple
Exponential
MA5
2189.54
Sell
2192.23
Sell
MA10
2211.89
Sell
2206.55
Sell
MA20
2230.65
Sell
2210.30
Sell
MA50
2184.61
Sell
2198.58
Sell
MA100
2171.69
Buy
2172.00
Buy
MA200
2127.21
Buy
2151.74
Buy
Buy: 4
Sell: 8


Summary:Sell","Volume: 903,327
Bid/Ask: 2,176.30 / 2,176.50
Day's Range: 2,168.60 - 2,250.85"
2022-05-04 08:02:00.000068,"2,173.15 -57.35    -2.57%
04:01:47 - Real-time Data. Currency in INR ( Disclaimer )
Type:  Equity
Market:  India
ISIN:  INE030A01027
S/N:  HINDUNILVR","Summary:Strong Sell
Moving Averages:SellBuy (4)Sell (8)
Technical Indicators:Strong SellBuy (0)Sell (8)
Pivot PointsMay 04, 2022 08:00AM GMT
Name
S3
S2
S1
Pivot Points
R1
R2
R3
Classic
2151.80
2160.20
2167.90
2176.30
2184.00
2192.40
2200.10
Fibonacci
2160.20
2166.35
2170.15
2176.30
2182.45
2186.25
2192.40
Camarilla
2171.17
2172.65
2174.12
2176.30
2177.08
2178.55
2180.03
Woodie's
2151.46
2160.03
2167.56
2176.13
2183.66
2192.23
2199.76
DeMark's
-
-
2164.05
2174.38
2180.15
-
-
Technical IndicatorsMay 04, 2022 08:00AM GMT
Name
Value
Action
RSI(14)
38.147
Sell
STOCH(9,6)
21.875
Sell
STOCHRSI(14)
0.000
Oversold
MACD(12,26)
-1.290
Sell
ADX(14)
35.545
Sell
Williams %R
-91.727
Oversold
CCI(14)
-149.9409
Sell
ATR(14)
18.6428
Less Volatility
Highs/Lows(14)
-31.1179
Sell
Ultimate Oscillator
27.667
Oversold
ROC
-3.096
Sell
Bull/Bear Power(13)
-61.0460
Sell
Buy: 0
Sell: 8
Neutral: 0


Summary:Strong Sell
Moving AveragesMay 04, 2022 08:00AM GMT
Period
Simple
Exponential
MA5
2182.90
Sell
2186.49
Sell
MA10
2205.20
Sell
2200.58
Sell
MA20
2227.45
Sell
2206.59
Sell
MA50
2186.29
Sell
2197.82
Sell
MA100
2172.13
Buy
2172.15
Buy
MA200
2128.29
Buy
2151.94
Buy
Buy: 4
Sell: 8


Summary:Sell","Volume: 907,698
Bid/Ask: 2,173.00 / 2,173.35
Day's Range: 2,168.60 - 2,250.85"
2022-05-04 08:04:00.000053,"2,175.90 -54.60    -2.45%
04:03:42 - Real-time Data. Currency in INR ( Disclaimer )
Type:  Equity
Market:  India
ISIN:  INE030A01027
S/N:  HINDUNILVR","Summary:Strong Sell
Moving Averages:SellBuy (4)Sell (8)
Technical Indicators:Strong SellBuy (0)Sell (8)
Pivot PointsMay 04, 2022 08:00AM GMT
Name
S3
S2
S1
Pivot Points
R1
R2
R3
Classic
2151.80
2160.20
2167.90
2176.30
2184.00
2192.40
2200.10
Fibonacci
2160.20
2166.35
2170.15
2176.30
2182.45
2186.25
2192.40
Camarilla
2171.17
2172.65
2174.12
2176.30
2177.08
2178.55
2180.03
Woodie's
2151.46
2160.03
2167.56
2176.13
2183.66
2192.23
2199.76
DeMark's
-
-
2164.05
2174.38
2180.15
-
-
Technical IndicatorsMay 04, 2022 08:00AM GMT
Name
Value
Action
RSI(14)
38.147
Sell
STOCH(9,6)
21.875
Sell
STOCHRSI(14)
0.000
Oversold
MACD(12,26)
-1.290
Sell
ADX(14)
35.545
Sell
Williams %R
-91.727
Oversold
CCI(14)
-149.9409
Sell
ATR(14)
18.6428
Less Volatility
Highs/Lows(14)
-31.1179
Sell
Ultimate Oscillator
27.667
Oversold
ROC
-3.096
Sell
Bull/Bear Power(13)
-61.0460
Sell
Buy: 0
Sell: 8
Neutral: 0


Summary:Strong Sell
Moving AveragesMay 04, 2022 08:00AM GMT
Period
Simple
Exponential
MA5
2182.90
Sell
2186.49
Sell
MA10
2205.20
Sell
2200.58
Sell
MA20
2227.45
Sell
2206.59
Sell
MA50
2186.29
Sell
2197.82
Sell
MA100
2172.13
Buy
2172.15
Buy
MA200
2128.29
Buy
2151.94
Buy
Buy: 4
Sell: 8


Summary:Sell","Volume: 911,209
Bid/Ask: 2,174.55 / 2,175.20
Day's Range: 2,168.60 - 2,250.85"
2022-05-04 08:06:00.000055,"2,171.00 -59.50    -2.67%
04:05:39 - Real-time Data. Currency in INR ( Disclaimer )
Type:  Equity
Market:  India
ISIN:  INE030A01027
S/N:  HINDUNILVR","Summary:Strong Sell
Moving Averages:SellBuy (4)Sell (8)
Technical Indicators:Strong SellBuy (0)Sell (8)
Pivot PointsMay 04, 2022 08:00AM GMT
Name
S3
S2
S1
Pivot Points
R1
R2
R3
Classic
2151.80
2160.20
2167.90
2176.30
2184.00
2192.40
2200.10
Fibonacci
2160.20
2166.35
2170.15
2176.30
2182.45
2186.25
2192.40
Camarilla
2171.17
2172.65
2174.12
2176.30
2177.08
2178.55
2180.03
Woodie's
2151.46
2160.03
2167.56
2176.13
2183.66
2192.23
2199.76
DeMark's
-
-
2164.05
2174.38
2180.15
-
-
Technical IndicatorsMay 04, 2022 08:00AM GMT
Name
Value
Action
RSI(14)
38.147
Sell
STOCH(9,6)
21.875
Sell
STOCHRSI(14)
0.000
Oversold
MACD(12,26)
-1.290
Sell
ADX(14)
35.545
Sell
Williams %R
-91.727
Oversold
CCI(14)
-149.9409
Sell
ATR(14)
18.6428
Less Volatility
Highs/Lows(14)
-31.1179
Sell
Ultimate Oscillator
27.667
Oversold
ROC
-3.096
Sell
Bull/Bear Power(13)
-61.0460
Sell
Buy: 0
Sell: 8
Neutral: 0


Summary:Strong Sell
Moving AveragesMay 04, 2022 08:00AM GMT
Period
Simple
Exponential
MA5
2182.90
Sell
2186.49
Sell
MA10
2205.20
Sell
2200.58
Sell
MA20
2227.45
Sell
2206.59
Sell
MA50
2186.29
Sell
2197.82
Sell
MA100
2172.13
Buy
2172.15
Buy
MA200
2128.29
Buy
2151.94
Buy
Buy: 4
Sell: 8


Summary:Sell","Volume: 915,454
Bid/Ask: 2,171.00 / 2,171.05
Day's Range: 2,168.60 - 2,250.85"
2022-05-04 08:08:00.000052,"2,172.30 -58.20    -2.61%
04:07:42 - Real-time Data. Currency in INR ( Disclaimer )
Type:  Equity
Market:  India
ISIN:  INE030A01027
S/N:  HINDUNILVR","Summary:Strong Sell
Moving Averages:SellBuy (4)Sell (8)
Technical Indicators:Strong SellBuy (0)Sell (8)
Pivot PointsMay 04, 2022 08:00AM GMT
Name
S3
S2
S1
Pivot Points
R1
R2
R3
Classic
2151.80
2160.20
2167.90
2176.30
2184.00
2192.40
2200.10
Fibonacci
2160.20
2166.35
2170.15
2176.30
2182.45
2186.25
2192.40
Camarilla
2171.17
2172.65
2174.12
2176.30
2177.08
2178.55
2180.03
Woodie's
2151.46
2160.03
2167.56
2176.13
2183.66
2192.23
2199.76
DeMark's
-
-
2164.05
2174.38
2180.15
-
-
Technical IndicatorsMay 04, 2022 08:00AM GMT
Name
Value
Action
RSI(14)
38.147
Sell
STOCH(9,6)
21.875
Sell
STOCHRSI(14)
0.000
Oversold
MACD(12,26)
-1.290
Sell
ADX(14)
35.545
Sell
Williams %R
-91.727
Oversold
CCI(14)
-149.9409
Sell
ATR(14)
18.6428
Less Volatility
Highs/Lows(14)
-31.1179
Sell
Ultimate Oscillator
27.667
Oversold
ROC
-3.096
Sell
Bull/Bear Power(13)
-61.0460
Sell
Buy: 0
Sell: 8
Neutral: 0


Summary:Strong Sell
Moving AveragesMay 04, 2022 08:00AM GMT
Period
Simple
Exponential
MA5
2182.90
Sell
2186.49
Sell
MA10
2205.20
Sell
2200.58
Sell
MA20
2227.45
Sell
2206.59
Sell
MA50
2186.29
Sell
2197.82
Sell
MA100
2172.13
Buy
2172.15
Buy
MA200
2128.29
Buy
2151.94
Buy
Buy: 4
Sell: 8


Summary:Sell","Volume: 919,338
Bid/Ask: 2,172.30 / 2,172.35
Day's Range: 2,168.60 - 2,250.85"
2022-05-04 08:10:00.000051,"2,170.15 -60.35    -2.71%
04:09:42 - Real-time Data. Currency in INR ( Disclaimer )
Type:  Equity
Market:  India
ISIN:  INE030A01027
S/N:  HINDUNILVR","Summary:Strong Sell
Moving Averages:SellBuy (4)Sell (8)
Technical Indicators:Strong SellBuy (0)Sell (8)
Pivot PointsMay 04, 2022 08:00AM GMT
Name
S3
S2
S1
Pivot Points
R1
R2
R3
Classic
2151.80
2160.20
2167.90
2176.30
2184.00
2192.40
2200.10
Fibonacci
2160.20
2166.35
2170.15
2176.30
2182.45
2186.25
2192.40
Camarilla
2171.17
2172.65
2174.12
2176.30
2177.08
2178.55
2180.03
Woodie's
2151.46
2160.03
2167.56
2176.13
2183.66
2192.23
2199.76
DeMark's
-
-
2164.05
2174.38
2180.15
-
-
Technical IndicatorsMay 04, 2022 08:00AM GMT
Name
Value
Action
RSI(14)
38.147
Sell
STOCH(9,6)
21.875
Sell
STOCHRSI(14)
0.000
Oversold
MACD(12,26)
-1.290
Sell
ADX(14)
35.545
Sell
Williams %R
-91.727
Oversold
CCI(14)
-149.9409
Sell
ATR(14)
18.6428
Less Volatility
Highs/Lows(14)
-31.1179
Sell
Ultimate Oscillator
27.667
Oversold
ROC
-3.096
Sell
Bull/Bear Power(13)
-61.0460
Sell
Buy: 0
Sell: 8
Neutral: 0


Summary:Strong Sell
Moving AveragesMay 04, 2022 08:00AM GMT
Period
Simple
Exponential
MA5
2182.90
Sell
2186.49
Sell
MA10
2205.20
Sell
2200.58
Sell
MA20
2227.45
Sell
2206.59
Sell
MA50
2186.29
Sell
2197.82
Sell
MA100
2172.13
Buy
2172.15
Buy
MA200
2128.29
Buy
2151.94
Buy
Buy: 4
Sell: 8


Summary:Sell","Volume: 924,036
Bid/Ask: 2,170.10 / 2,170.35
Day's Range: 2,168.60 - 2,250.85"
2022-05-04 08:12:00.000053,"2,170.15 -60.35    -2.71%
04:11:45 - Real-time Data. Currency in INR ( Disclaimer )
Type:  Equity
Market:  India
ISIN:  INE030A01027
S/N:  HINDUNILVR","Summary:Strong Sell
Moving Averages:Strong SellBuy (2)Sell (10)
Technical Indicators:Strong SellBuy (0)Sell (8)
Pivot PointsMay 04, 2022 08:10AM GMT
Name
S3
S2
S1
Pivot Points
R1
R2
R3
Classic
2151.80
2160.20
2167.90
2176.30
2184.00
2192.40
2200.10
Fibonacci
2160.20
2166.35
2170.15
2176.30
2182.45
2186.25
2192.40
Camarilla
2171.17
2172.65
2174.12
2176.30
2177.08
2178.55
2180.03
Woodie's
2151.46
2160.03
2167.56
2176.13
2183.66
2192.23
2199.76
DeMark's
-
-
2164.05
2174.38
2180.15
-
-
Technical IndicatorsMay 04, 2022 08:10AM GMT
Name
Value
Action
RSI(14)
36.793
Sell
STOCH(9,6)
20.755
Sell
STOCHRSI(14)
0.000
Oversold
MACD(12,26)
-1.730
Sell
ADX(14)
35.545
Sell
Williams %R
-98.201
Oversold
CCI(14)
-159.7672
Sell
ATR(14)
19.0036
Less Volatility
Highs/Lows(14)
-36.1571
Sell
Ultimate Oscillator
26.768
Oversold
ROC
-3.336
Sell
Bull/Bear Power(13)
-64.5540
Sell
Buy: 0
Sell: 8
Neutral: 0


Summary:Strong Sell
Moving AveragesMay 04, 2022 08:10AM GMT
Period
Simple
Exponential
MA5
2181.82
Sell
2184.69
Sell
MA10
2204.66
Sell
2199.60
Sell
MA20
2227.18
Sell
2206.08
Sell
MA50
2186.18
Sell
2197.61
Sell
MA100
2172.08
Sell
2172.04
Sell
MA200
2128.26
Buy
2151.89
Buy
Buy: 2
Sell: 10


Summary:Strong Sell","Volume: 934,888
Bid/Ask: 2,170.15 / 2,170.20
Day's Range: 2,167.90 - 2,250.85"
2022-05-04 08:14:00.000097,"2,176.10 -54.40    -2.44%
04:13:39 - Real-time Data. Currency in INR ( Disclaimer )
Type:  Equity
Market:  India
ISIN:  INE030A01027
S/N:  HINDUNILVR","Summary:Strong Sell
Moving Averages:Strong SellBuy (2)Sell (10)
Technical Indicators:Strong SellBuy (0)Sell (8)
Pivot PointsMay 04, 2022 08:10AM GMT
Name
S3
S2
S1
Pivot Points
R1
R2
R3
Classic
2151.80
2160.20
2167.90
2176.30
2184.00
2192.40
2200.10
Fibonacci
2160.20
2166.35
2170.15
2176.30
2182.45
2186.25
2192.40
Camarilla
2171.17
2172.65
2174.12
2176.30
2177.08
2178.55
2180.03
Woodie's
2151.46
2160.03
2167.56
2176.13
2183.66
2192.23
2199.76
DeMark's
-
-
2164.05
2174.38
2180.15
-
-
Technical IndicatorsMay 04, 2022 08:10AM GMT
Name
Value
Action
RSI(14)
36.793
Sell
STOCH(9,6)
20.755
Sell
STOCHRSI(14)
0.000
Oversold
MACD(12,26)
-1.730
Sell
ADX(14)
35.545
Sell
Williams %R
-98.201
Oversold
CCI(14)
-159.7672
Sell
ATR(14)
19.0036
Less Volatility
Highs/Lows(14)
-36.1571
Sell
Ultimate Oscillator
26.768
Oversold
ROC
-3.336
Sell
Bull/Bear Power(13)
-64.5540
Sell
Buy: 0
Sell: 8
Neutral: 0


Summary:Strong Sell
Moving AveragesMay 04, 2022 08:10AM GMT
Period
Simple
Exponential
MA5
2181.82
Sell
2184.69
Sell
MA10
2204.66
Sell
2199.60
Sell
MA20
2227.18
Sell
2206.08
Sell
MA50
2186.18
Sell
2197.61
Sell
MA100
2172.08
Sell
2172.04
Sell
MA200
2128.26
Buy
2151.89
Buy
Buy: 2
Sell: 10


Summary:Strong Sell","Volume: 939,119
Bid/Ask: 2,176.05 / 2,176.10
Day's Range: 2,167.90 - 2,250.85"
2022-05-04 08:16:00.000050,"2,175.70 -54.80    -2.46%
04:15:30 - Real-time Data. Currency in INR ( Disclaimer )
Type:  Equity
Market:  India
ISIN:  INE030A01027
S/N:  HINDUNILVR","Summary:Strong Sell
Moving Averages:Strong SellBuy (2)Sell (10)
Technical Indicators:Strong SellBuy (0)Sell (8)
Pivot PointsMay 04, 2022 08:10AM GMT
Name
S3
S2
S1
Pivot Points
R1
R2
R3
Classic
2151.80
2160.20
2167.90
2176.30
2184.00
2192.40
2200.10
Fibonacci
2160.20
2166.35
2170.15
2176.30
2182.45
2186.25
2192.40
Camarilla
2171.17
2172.65
2174.12
2176.30
2177.08
2178.55
2180.03
Woodie's
2151.46
2160.03
2167.56
2176.13
2183.66
2192.23
2199.76
DeMark's
-
-
2164.05
2174.38
2180.15
-
-
Technical IndicatorsMay 04, 2022 08:10AM GMT
Name
Value
Action
RSI(14)
36.793
Sell
STOCH(9,6)
20.755
Sell
STOCHRSI(14)
0.000
Oversold
MACD(12,26)
-1.730
Sell
ADX(14)
35.545
Sell
Williams %R
-98.201
Oversold
CCI(14)
-159.7672
Sell
ATR(14)
19.0036
Less Volatility
Highs/Lows(14)
-36.1571
Sell
Ultimate Oscillator
26.768
Oversold
ROC
-3.336
Sell
Bull/Bear Power(13)
-64.5540
Sell
Buy: 0
Sell: 8
Neutral: 0


Summary:Strong Sell
Moving AveragesMay 04, 2022 08:10AM GMT
Period
Simple
Exponential
MA5
2181.82
Sell
2184.69
Sell
MA10
2204.66
Sell
2199.60
Sell
MA20
2227.18
Sell
2206.08
Sell
MA50
2186.18
Sell
2197.61
Sell
MA100
2172.08
Sell
2172.04
Sell
MA200
2128.26
Buy
2151.89
Buy
Buy: 2
Sell: 10


Summary:Strong Sell","Volume: 942,592
Bid/Ask: 2,175.65 / 2,175.70
Day's Range: 2,167.90 - 2,250.85"
2022-05-04 08:18:00.000051,"2,173.75 -56.75    -2.54%
04:17:41 - Real-time Data. Currency in INR ( Disclaimer )
Type:  Equity
Market:  India
ISIN:  INE030A01027
S/N:  HINDUNILVR","Summary:Strong Sell
Moving Averages:Strong SellBuy (2)Sell (10)
Technical Indicators:Strong SellBuy (0)Sell (8)
Pivot PointsMay 04, 2022 08:10AM GMT
Name
S3
S2
S1
Pivot Points
R1
R2
R3
Classic
2151.80
2160.20
2167.90
2176.30
2184.00
2192.40
2200.10
Fibonacci
2160.20
2166.35
2170.15
2176.30
2182.45
2186.25
2192.40
Camarilla
2171.17
2172.65
2174.12
2176.30
2177.08
2178.55
2180.03
Woodie's
2151.46
2160.03
2167.56
2176.13
2183.66
2192.23
2199.76
DeMark's
-
-
2164.05
2174.38
2180.15
-
-
Technical IndicatorsMay 04, 2022 08:10AM GMT
Name
Value
Action
RSI(14)
36.793
Sell
STOCH(9,6)
20.755
Sell
STOCHRSI(14)
0.000
Oversold
MACD(12,26)
-1.730
Sell
ADX(14)
35.545
Sell
Williams %R
-98.201
Oversold
CCI(14)
-159.7672
Sell
ATR(14)
19.0036
Less Volatility
Highs/Lows(14)
-36.1571
Sell
Ultimate Oscillator
26.768
Oversold
ROC
-3.336
Sell
Bull/Bear Power(13)
-64.5540
Sell
Buy: 0
Sell: 8
Neutral: 0


Summary:Strong Sell
Moving AveragesMay 04, 2022 08:10AM GMT
Period
Simple
Exponential
MA5
2181.82
Sell
2184.69
Sell
MA10
2204.66
Sell
2199.60
Sell
MA20
2227.18
Sell
2206.08
Sell
MA50
2186.18
Sell
2197.61
Sell
MA100
2172.08
Sell
2172.04
Sell
MA200
2128.26
Buy
2151.89
Buy
Buy: 2
Sell: 10


Summary:Strong Sell","Volume: 946,150
Bid/Ask: 2,173.55 / 2,173.65
Day's Range: 2,167.90 - 2,250.85"
2022-05-04 08:20:00.000051,"2,174.90 -55.60    -2.49%
04:19:41 - Real-time Data. Currency in INR ( Disclaimer )
Type:  Equity
Market:  India
ISIN:  INE030A01027
S/N:  HINDUNILVR","Summary:Strong Sell
Moving Averages:Strong SellBuy (2)Sell (10)
Technical Indicators:Strong SellBuy (0)Sell (8)
Pivot PointsMay 04, 2022 08:10AM GMT
Name
S3
S2
S1
Pivot Points
R1
R2
R3
Classic
2151.80
2160.20
2167.90
2176.30
2184.00
2192.40
2200.10
Fibonacci
2160.20
2166.35
2170.15
2176.30
2182.45
2186.25
2192.40
Camarilla
2171.17
2172.65
2174.12
2176.30
2177.08
2178.55
2180.03
Woodie's
2151.46
2160.03
2167.56
2176.13
2183.66
2192.23
2199.76
DeMark's
-
-
2164.05
2174.38
2180.15
-
-
Technical IndicatorsMay 04, 2022 08:10AM GMT
Name
Value
Action
RSI(14)
36.793
Sell
STOCH(9,6)
20.755
Sell
STOCHRSI(14)
0.000
Oversold
MACD(12,26)
-1.730
Sell
ADX(14)
35.545
Sell
Williams %R
-98.201
Oversold
CCI(14)
-159.7672
Sell
ATR(14)
19.0036
Less Volatility
Highs/Lows(14)
-36.1571
Sell
Ultimate Oscillator
26.768
Oversold
ROC
-3.336
Sell
Bull/Bear Power(13)
-64.5540
Sell
Buy: 0
Sell: 8
Neutral: 0


Summary:Strong Sell
Moving AveragesMay 04, 2022 08:10AM GMT
Period
Simple
Exponential
MA5
2181.82
Sell
2184.69
Sell
MA10
2204.66
Sell
2199.60
Sell
MA20
2227.18
Sell
2206.08
Sell
MA50
2186.18
Sell
2197.61
Sell
MA100
2172.08
Sell
2172.04
Sell
MA200
2128.26
Buy
2151.89
Buy
Buy: 2
Sell: 10


Summary:Strong Sell","Volume: 950,635
Bid/Ask: 2,174.90 / 2,175.00
Day's Range: 2,167.90 - 2,250.85"
2022-05-04 08:22:00.000052,"2,174.15 -56.35    -2.53%
04:21:36 - Real-time Data. Currency in INR ( Disclaimer )
Type:  Equity
Market:  India
ISIN:  INE030A01027
S/N:  HINDUNILVR","Summary:Strong Sell
Moving Averages:SellBuy (4)Sell (8)
Technical Indicators:Strong SellBuy (0)Sell (9)
Pivot PointsMay 04, 2022 08:20AM GMT
Name
S3
S2
S1
Pivot Points
R1
R2
R3
Classic
2151.80
2160.20
2167.90
2176.30
2184.00
2192.40
2200.10
Fibonacci
2160.20
2166.35
2170.15
2176.30
2182.45
2186.25
2192.40
Camarilla
2171.17
2172.65
2174.12
2176.30
2177.08
2178.55
2180.03
Woodie's
2151.46
2160.03
2167.56
2176.13
2183.66
2192.23
2199.76
DeMark's
-
-
2164.05
2174.38
2180.15
-
-
Technical IndicatorsMay 04, 2022 08:20AM GMT
Name
Value
Action
RSI(14)
37.863
Sell
STOCH(9,6)
22.164
Sell
STOCHRSI(14)
0.000
Oversold
MACD(12,26)
-1.380
Sell
ADX(14)
35.615
Sell
Williams %R
-92.436
Oversold
CCI(14)
-156.9250
Sell
ATR(14)
19.1928
Less Volatility
Highs/Lows(14)
-31.7180
Sell
Ultimate Oscillator
30.024
Sell
ROC
-3.145
Sell
Bull/Bear Power(13)
-67.0320
Sell
Buy: 0
Sell: 9
Neutral: 0


Summary:Strong Sell
Moving AveragesMay 04, 2022 08:20AM GMT
Period
Simple
Exponential
MA5
2182.68
Sell
2186.13
Sell
MA10
2205.09
Sell
2200.38
Sell
MA20
2227.40
Sell
2206.49
Sell
MA50
2186.26
Sell
2197.78
Sell
MA100
2172.12
Buy
2172.12
Buy
MA200
2128.28
Buy
2151.93
Buy
Buy: 4
Sell: 8


Summary:Sell","Volume: 953,452
Bid/Ask: 2,174.05 / 2,174.15
Day's Range: 2,167.90 - 2,250.85"
2022-05-04 08:24:00.000053,"2,175.90 -54.60    -2.45%
04:23:39 - Real-time Data. Currency in INR ( Disclaimer )
Type:  Equity
Market:  India
ISIN:  INE030A01027
S/N:  HINDUNILVR","Summary:Strong Sell
Moving Averages:SellBuy (4)Sell (8)
Technical Indicators:Strong SellBuy (0)Sell (9)
Pivot PointsMay 04, 2022 08:20AM GMT
Name
S3
S2
S1
Pivot Points
R1
R2
R3
Classic
2151.80
2160.20
2167.90
2176.30
2184.00
2192.40
2200.10
Fibonacci
2160.20
2166.35
2170.15
2176.30
2182.45
2186.25
2192.40
Camarilla
2171.17
2172.65
2174.12
2176.30
2177.08
2178.55
2180.03
Woodie's
2151.46
2160.03
2167.56
2176.13
2183.66
2192.23
2199.76
DeMark's
-
-
2164.05
2174.38
2180.15
-
-
Technical IndicatorsMay 04, 2022 08:20AM GMT
Name
Value
Action
RSI(14)
37.863
Sell
STOCH(9,6)
22.164
Sell
STOCHRSI(14)
0.000
Oversold
MACD(12,26)
-1.380
Sell
ADX(14)
35.615
Sell
Williams %R
-92.436
Oversold
CCI(14)
-156.9250
Sell
ATR(14)
19.1928
Less Volatility
Highs/Lows(14)
-31.7180
Sell
Ultimate Oscillator
30.024
Sell
ROC
-3.145
Sell
Bull/Bear Power(13)
-67.0320
Sell
Buy: 0
Sell: 9
Neutral: 0


Summary:Strong Sell
Moving AveragesMay 04, 2022 08:20AM GMT
Period
Simple
Exponential
MA5
2182.68
Sell
2186.13
Sell
MA10
2205.09
Sell
2200.38
Sell
MA20
2227.40
Sell
2206.49
Sell
MA50
2186.26
Sell
2197.78
Sell
MA100
2172.12
Buy
2172.12
Buy
MA200
2128.28
Buy
2151.93
Buy
Buy: 4
Sell: 8


Summary:Sell","Volume: 955,812
Bid/Ask: 2,176.05 / 2,176.80
Day's Range: 2,167.90 - 2,250.85"
2022-05-04 08:26:00.000060,"2,176.95 -53.55    -2.40%
04:25:41 - Real-time Data. Currency in INR ( Disclaimer )
Type:  Equity
Market:  India
ISIN:  INE030A01027
S/N:  HINDUNILVR","Summary:Strong Sell
Moving Averages:SellBuy (4)Sell (8)
Technical Indicators:Strong SellBuy (0)Sell (9)
Pivot PointsMay 04, 2022 08:20AM GMT
Name
S3
S2
S1
Pivot Points
R1
R2
R3
Classic
2151.80
2160.20
2167.90
2176.30
2184.00
2192.40
2200.10
Fibonacci
2160.20
2166.35
2170.15
2176.30
2182.45
2186.25
2192.40
Camarilla
2171.17
2172.65
2174.12
2176.30
2177.08
2178.55
2180.03
Woodie's
2151.46
2160.03
2167.56
2176.13
2183.66
2192.23
2199.76
DeMark's
-
-
2164.05
2174.38
2180.15
-
-
Technical IndicatorsMay 04, 2022 08:20AM GMT
Name
Value
Action
RSI(14)
37.863
Sell
STOCH(9,6)
22.164
Sell
STOCHRSI(14)
0.000
Oversold
MACD(12,26)
-1.380
Sell
ADX(14)
35.615
Sell
Williams %R
-92.436
Oversold
CCI(14)
-156.9250
Sell
ATR(14)
19.1928
Less Volatility
Highs/Lows(14)
-31.7180
Sell
Ultimate Oscillator
30.024
Sell
ROC
-3.145
Sell
Bull/Bear Power(13)
-67.0320
Sell
Buy: 0
Sell: 9
Neutral: 0


Summary:Strong Sell
Moving AveragesMay 04, 2022 08:20AM GMT
Period
Simple
Exponential
MA5
2182.68
Sell
2186.13
Sell
MA10
2205.09
Sell
2200.38
Sell
MA20
2227.40
Sell
2206.49
Sell
MA50
2186.26
Sell
2197.78
Sell
MA100
2172.12
Buy
2172.12
Buy
MA200
2128.28
Buy
2151.93
Buy
Buy: 4
Sell: 8


Summary:Sell","Volume: 959,210
Bid/Ask: 2,176.70 / 2,176.85
Day's Range: 2,167.90 - 2,250.85"
2022-05-04 08:28:00.000053,"2,174.55 -55.95    -2.51%
04:27:37 - Real-time Data. Currency in INR ( Disclaimer )
Type:  Equity
Market:  India
ISIN:  INE030A01027
S/N:  HINDUNILVR","Summary:Strong Sell
Moving Averages:SellBuy (4)Sell (8)
Technical Indicators:Strong SellBuy (0)Sell (9)
Pivot PointsMay 04, 2022 08:20AM GMT
Name
S3
S2
S1
Pivot Points
R1
R2
R3
Classic
2151.80
2160.20
2167.90
2176.30
2184.00
2192.40
2200.10
Fibonacci
2160.20
2166.35
2170.15
2176.30
2182.45
2186.25
2192.40
Camarilla
2171.17
2172.65
2174.12
2176.30
2177.08
2178.55
2180.03
Woodie's
2151.46
2160.03
2167.56
2176.13
2183.66
2192.23
2199.76
DeMark's
-
-
2164.05
2174.38
2180.15
-
-
Technical IndicatorsMay 04, 2022 08:20AM GMT
Name
Value
Action
RSI(14)
37.863
Sell
STOCH(9,6)
22.164
Sell
STOCHRSI(14)
0.000
Oversold
MACD(12,26)
-1.380
Sell
ADX(14)
35.615
Sell
Williams %R
-92.436
Oversold
CCI(14)
-156.9250
Sell
ATR(14)
19.1928
Less Volatility
Highs/Lows(14)
-31.7180
Sell
Ultimate Oscillator
30.024
Sell
ROC
-3.145
Sell
Bull/Bear Power(13)
-67.0320
Sell
Buy: 0
Sell: 9
Neutral: 0


Summary:Strong Sell
Moving AveragesMay 04, 2022 08:20AM GMT
Period
Simple
Exponential
MA5
2182.68
Sell
2186.13
Sell
MA10
2205.09
Sell
2200.38
Sell
MA20
2227.40
Sell
2206.49
Sell
MA50
2186.26
Sell
2197.78
Sell
MA100
2172.12
Buy
2172.12
Buy
MA200
2128.28
Buy
2151.93
Buy
Buy: 4
Sell: 8


Summary:Sell","Volume: 963,100
Bid/Ask: 2,174.05 / 2,174.20
Day's Range: 2,167.90 - 2,250.85"
2022-05-04 08:30:00.000053,"2,174.20 -56.30    -2.52%
04:29:43 - Real-time Data. Currency in INR ( Disclaimer )
Type:  Equity
Market:  India
ISIN:  INE030A01027
S/N:  HINDUNILVR","Summary:Strong Sell
Moving Averages:SellBuy (4)Sell (8)
Technical Indicators:Strong SellBuy (0)Sell (9)
Pivot PointsMay 04, 2022 08:20AM GMT
Name
S3
S2
S1
Pivot Points
R1
R2
R3
Classic
2151.80
2160.20
2167.90
2176.30
2184.00
2192.40
2200.10
Fibonacci
2160.20
2166.35
2170.15
2176.30
2182.45
2186.25
2192.40
Camarilla
2171.17
2172.65
2174.12
2176.30
2177.08
2178.55
2180.03
Woodie's
2151.46
2160.03
2167.56
2176.13
2183.66
2192.23
2199.76
DeMark's
-
-
2164.05
2174.38
2180.15
-
-
Technical IndicatorsMay 04, 2022 08:20AM GMT
Name
Value
Action
RSI(14)
37.863
Sell
STOCH(9,6)
22.164
Sell
STOCHRSI(14)
0.000
Oversold
MACD(12,26)
-1.380
Sell
ADX(14)
35.615
Sell
Williams %R
-92.436
Oversold
CCI(14)
-156.9250
Sell
ATR(14)
19.1928
Less Volatility
Highs/Lows(14)
-31.7180
Sell
Ultimate Oscillator
30.024
Sell
ROC
-3.145
Sell
Bull/Bear Power(13)
-67.0320
Sell
Buy: 0
Sell: 9
Neutral: 0


Summary:Strong Sell
Moving AveragesMay 04, 2022 08:20AM GMT
Period
Simple
Exponential
MA5
2182.68
Sell
2186.13
Sell
MA10
2205.09
Sell
2200.38
Sell
MA20
2227.40
Sell
2206.49
Sell
MA50
2186.26
Sell
2197.78
Sell
MA100
2172.12
Buy
2172.12
Buy
MA200
2128.28
Buy
2151.93
Buy
Buy: 4
Sell: 8


Summary:Sell","Volume: 966,576
Bid/Ask: 2,174.20 / 2,174.25
Day's Range: 2,167.90 - 2,250.85"
2022-05-04 08:32:00.000052,"2,186.45 -44.05    -1.97%
04:31:38 - Real-time Data. Currency in INR ( Disclaimer )
Type:  Equity
Market:  India
ISIN:  INE030A01027
S/N:  HINDUNILVR","Summary:Strong Sell
Moving Averages:SellBuy (4)Sell (8)
Technical Indicators:Strong SellBuy (0)Sell (9)
Pivot PointsMay 04, 2022 08:30AM GMT
Name
S3
S2
S1
Pivot Points
R1
R2
R3
Classic
2151.80
2160.20
2167.90
2176.30
2184.00
2192.40
2200.10
Fibonacci
2160.20
2166.35
2170.15
2176.30
2182.45
2186.25
2192.40
Camarilla
2171.17
2172.65
2174.12
2176.30
2177.08
2178.55
2180.03
Woodie's
2151.46
2160.03
2167.56
2176.13
2183.66
2192.23
2199.76
DeMark's
-
-
2164.05
2174.38
2180.15
-
-
Technical IndicatorsMay 04, 2022 08:30AM GMT
Name
Value
Action
RSI(14)
40.504
Sell
STOCH(9,6)
23.596
Sell
STOCHRSI(14)
11.166
Oversold
MACD(12,26)
-0.830
Sell
ADX(14)
35.591
Sell
Williams %R
-84.157
Oversold
CCI(14)
-145.9206
Sell
ATR(14)
19.5250
Less Volatility
Highs/Lows(14)
-24.7678
Sell
Ultimate Oscillator
33.219
Sell
ROC
-2.835
Sell
Bull/Bear Power(13)
-64.3679
Sell
Buy: 0
Sell: 9
Neutral: 0


Summary:Strong Sell
Moving AveragesMay 04, 2022 08:30AM GMT
Period
Simple
Exponential
MA5
2184.07
Sell
2188.44
Sell
MA10
2205.78
Sell
2201.64
Sell
MA20
2227.74
Sell
2207.15
Sell
MA50
2186.40
Sell
2198.05
Sell
MA100
2172.19
Buy
2172.26
Buy
MA200
2128.32
Buy
2152.00
Buy
Buy: 4
Sell: 8


Summary:Sell","Volume: 976,675
Bid/Ask: 2,186.30 / 2,186.35
Day's Range: 2,167.90 - 2,250.85"
2022-05-04 08:34:00.000056,"2,184.00 -46.50    -2.08%
04:33:40 - Real-time Data. Currency in INR ( Disclaimer )
Type:  Equity
Market:  India
ISIN:  INE030A01027
S/N:  HINDUNILVR","Summary:Strong Sell
Moving Averages:SellBuy (4)Sell (8)
Technical Indicators:Strong SellBuy (0)Sell (9)
Pivot PointsMay 04, 2022 08:30AM GMT
Name
S3
S2
S1
Pivot Points
R1
R2
R3
Classic
2151.80
2160.20
2167.90
2176.30
2184.00
2192.40
2200.10
Fibonacci
2160.20
2166.35
2170.15
2176.30
2182.45
2186.25
2192.40
Camarilla
2171.17
2172.65
2174.12
2176.30
2177.08
2178.55
2180.03
Woodie's
2151.46
2160.03
2167.56
2176.13
2183.66
2192.23
2199.76
DeMark's
-
-
2164.05
2174.38
2180.15
-
-
Technical IndicatorsMay 04, 2022 08:30AM GMT
Name
Value
Action
RSI(14)
40.504
Sell
STOCH(9,6)
23.596
Sell
STOCHRSI(14)
11.166
Oversold
MACD(12,26)
-0.830
Sell
ADX(14)
35.591
Sell
Williams %R
-84.157
Oversold
CCI(14)
-145.9206
Sell
ATR(14)
19.5250
Less Volatility
Highs/Lows(14)
-24.7678
Sell
Ultimate Oscillator
33.219
Sell
ROC
-2.835
Sell
Bull/Bear Power(13)
-64.3679
Sell
Buy: 0
Sell: 9
Neutral: 0


Summary:Strong Sell
Moving AveragesMay 04, 2022 08:30AM GMT
Period
Simple
Exponential
MA5
2184.07
Sell
2188.44
Sell
MA10
2205.78
Sell
2201.64
Sell
MA20
2227.74
Sell
2207.15
Sell
MA50
2186.40
Sell
2198.05
Sell
MA100
2172.19
Buy
2172.26
Buy
MA200
2128.32
Buy
2152.00
Buy
Buy: 4
Sell: 8


Summary:Sell","Volume: 985,233
Bid/Ask: 2,183.50 / 2,184.05
Day's Range: 2,167.90 - 2,250.85"
2022-05-04 08:36:00.000070,"2,175.10 -55.40    -2.48%
04:35:41 - Real-time Data. Currency in INR ( Disclaimer )
Type:  Equity
Market:  India
ISIN:  INE030A01027
S/N:  HINDUNILVR","Summary:Strong Sell
Moving Averages:SellBuy (4)Sell (8)
Technical Indicators:Strong SellBuy (0)Sell (9)
Pivot PointsMay 04, 2022 08:30AM GMT
Name
S3
S2
S1
Pivot Points
R1
R2
R3
Classic
2151.80
2160.20
2167.90
2176.30
2184.00
2192.40
2200.10
Fibonacci
2160.20
2166.35
2170.15
2176.30
2182.45
2186.25
2192.40
Camarilla
2171.17
2172.65
2174.12
2176.30
2177.08
2178.55
2180.03
Woodie's
2151.46
2160.03
2167.56
2176.13
2183.66
2192.23
2199.76
DeMark's
-
-
2164.05
2174.38
2180.15
-
-
Technical IndicatorsMay 04, 2022 08:30AM GMT
Name
Value
Action
RSI(14)
40.504
Sell
STOCH(9,6)
23.596
Sell
STOCHRSI(14)
11.166
Oversold
MACD(12,26)
-0.830
Sell
ADX(14)
35.591
Sell
Williams %R
-84.157
Oversold
CCI(14)
-145.9206
Sell
ATR(14)
19.5250
Less Volatility
Highs/Lows(14)
-24.7678
Sell
Ultimate Oscillator
33.219
Sell
ROC
-2.835
Sell
Bull/Bear Power(13)
-64.3679
Sell
Buy: 0
Sell: 9
Neutral: 0


Summary:Strong Sell
Moving AveragesMay 04, 2022 08:30AM GMT
Period
Simple
Exponential
MA5
2184.07
Sell
2188.44
Sell
MA10
2205.78
Sell
2201.64
Sell
MA20
2227.74
Sell
2207.15
Sell
MA50
2186.40
Sell
2198.05
Sell
MA100
2172.19
Buy
2172.26
Buy
MA200
2128.32
Buy
2152.00
Buy
Buy: 4
Sell: 8


Summary:Sell","Volume: 1,006,443
Bid/Ask: 2,174.40 / 2,175.10
Day's Range: 2,167.90 - 2,250.85"
2022-05-04 08:38:00.000065,"2,173.10 -57.40    -2.57%
04:37:45 - Real-time Data. Currency in INR ( Disclaimer )
Type:  Equity
Market:  India
ISIN:  INE030A01027
S/N:  HINDUNILVR","Summary:Strong Sell
Moving Averages:SellBuy (4)Sell (8)
Technical Indicators:Strong SellBuy (0)Sell (9)
Pivot PointsMay 04, 2022 08:30AM GMT
Name
S3
S2
S1
Pivot Points
R1
R2
R3
Classic
2151.80
2160.20
2167.90
2176.30
2184.00
2192.40
2200.10
Fibonacci
2160.20
2166.35
2170.15
2176.30
2182.45
2186.25
2192.40
Camarilla
2171.17
2172.65
2174.12
2176.30
2177.08
2178.55
2180.03
Woodie's
2151.46
2160.03
2167.56
2176.13
2183.66
2192.23
2199.76
DeMark's
-
-
2164.05
2174.38
2180.15
-
-
Technical IndicatorsMay 04, 2022 08:30AM GMT
Name
Value
Action
RSI(14)
40.504
Sell
STOCH(9,6)
23.596
Sell
STOCHRSI(14)
11.166
Oversold
MACD(12,26)
-0.830
Sell
ADX(14)
35.591
Sell
Williams %R
-84.157
Oversold
CCI(14)
-145.9206
Sell
ATR(14)
19.5250
Less Volatility
Highs/Lows(14)
-24.7678
Sell
Ultimate Oscillator
33.219
Sell
ROC
-2.835
Sell
Bull/Bear Power(13)
-64.3679
Sell
Buy: 0
Sell: 9
Neutral: 0


Summary:Strong Sell
Moving AveragesMay 04, 2022 08:30AM GMT
Period
Simple
Exponential
MA5
2184.07
Sell
2188.44
Sell
MA10
2205.78
Sell
2201.64
Sell
MA20
2227.74
Sell
2207.15
Sell
MA50
2186.40
Sell
2198.05
Sell
MA100
2172.19
Buy
2172.26
Buy
MA200
2128.32
Buy
2152.00
Buy
Buy: 4
Sell: 8


Summary:Sell","Volume: 1,020,890
Bid/Ask: 2,172.70 / 2,173.00
Day's Range: 2,167.90 - 2,250.85"
2022-05-04 08:40:00.000103,"2,170.55 -59.95    -2.69%
04:39:40 - Real-time Data. Currency in INR ( Disclaimer )
Type:  Equity
Market:  India
ISIN:  INE030A01027
S/N:  HINDUNILVR","Summary:Strong Sell
Moving Averages:SellBuy (4)Sell (8)
Technical Indicators:Strong SellBuy (0)Sell (9)
Pivot PointsMay 04, 2022 08:30AM GMT
Name
S3
S2
S1
Pivot Points
R1
R2
R3
Classic
2151.80
2160.20
2167.90
2176.30
2184.00
2192.40
2200.10
Fibonacci
2160.20
2166.35
2170.15
2176.30
2182.45
2186.25
2192.40
Camarilla
2171.17
2172.65
2174.12
2176.30
2177.08
2178.55
2180.03
Woodie's
2151.46
2160.03
2167.56
2176.13
2183.66
2192.23
2199.76
DeMark's
-
-
2164.05
2174.38
2180.15
-
-
Technical IndicatorsMay 04, 2022 08:30AM GMT
Name
Value
Action
RSI(14)
40.504
Sell
STOCH(9,6)
23.596
Sell
STOCHRSI(14)
11.166
Oversold
MACD(12,26)
-0.830
Sell
ADX(14)
35.591
Sell
Williams %R
-84.157
Oversold
CCI(14)
-145.9206
Sell
ATR(14)
19.5250
Less Volatility
Highs/Lows(14)
-24.7678
Sell
Ultimate Oscillator
33.219
Sell
ROC
-2.835
Sell
Bull/Bear Power(13)
-64.3679
Sell
Buy: 0
Sell: 9
Neutral: 0


Summary:Strong Sell
Moving AveragesMay 04, 2022 08:30AM GMT
Period
Simple
Exponential
MA5
2184.07
Sell
2188.44
Sell
MA10
2205.78
Sell
2201.64
Sell
MA20
2227.74
Sell
2207.15
Sell
MA50
2186.40
Sell
2198.05
Sell
MA100
2172.19
Buy
2172.26
Buy
MA200
2128.32
Buy
2152.00
Buy
Buy: 4
Sell: 8


Summary:Sell","Volume: 1,039,000
Bid/Ask: 2,170.15 / 2,170.55
Day's Range: 2,165.55 - 2,250.85"
2022-05-04 08:42:00.000053,"2,166.15 -64.35    -2.89%
04:41:46 - Real-time Data. Currency in INR ( Disclaimer )
Type:  Equity
Market:  India
ISIN:  INE030A01027
S/N:  HINDUNILVR","Summary:Strong Sell
Moving Averages:Strong SellBuy (2)Sell (10)
Technical Indicators:Strong SellBuy (0)Sell (8)
Pivot PointsMay 04, 2022 08:40AM GMT
Name
S3
S2
S1
Pivot Points
R1
R2
R3
Classic
2151.80
2160.20
2167.90
2176.30
2184.00
2192.40
2200.10
Fibonacci
2160.20
2166.35
2170.15
2176.30
2182.45
2186.25
2192.40
Camarilla
2171.17
2172.65
2174.12
2176.30
2177.08
2178.55
2180.03
Woodie's
2151.46
2160.03
2167.56
2176.13
2183.66
2192.23
2199.76
DeMark's
-
-
2164.05
2174.38
2180.15
-
-
Technical IndicatorsMay 04, 2022 08:40AM GMT
Name
Value
Action
RSI(14)
36.281
Sell
STOCH(9,6)
21.913
Sell
STOCHRSI(14)
0.000
Oversold
MACD(12,26)
-1.910
Sell
ADX(14)
34.642
Sell
Williams %R
-98.766
Oversold
CCI(14)
-154.4855
Sell
ATR(14)
20.0036
Less Volatility
Highs/Lows(14)
-38.0858
Sell
Ultimate Oscillator
25.581
Oversold
ROC
-3.432
Sell
Bull/Bear Power(13)
-56.1402
Sell
Buy: 0
Sell: 8
Neutral: 0


Summary:Strong Sell
Moving AveragesMay 04, 2022 08:40AM GMT
Period
Simple
Exponential
MA5
2181.39
Sell
2183.98
Sell
MA10
2204.44
Sell
2199.21
Sell
MA20
2227.07
Sell
2205.87
Sell
MA50
2186.13
Sell
2197.53
Sell
MA100
2172.05
Sell
2172.00
Sell
MA200
2128.25
Buy
2151.86
Buy
Buy: 2
Sell: 10


Summary:Strong Sell","Volume: 1,050,866
Bid/Ask: 2,166.10 / 2,166.15
Day's Range: 2,163.05 - 2,250.85"
2022-05-04 08:44:00.000050,"2,167.95 -62.55    -2.80%
04:43:40 - Real-time Data. Currency in INR ( Disclaimer )
Type:  Equity
Market:  India
ISIN:  INE030A01027
S/N:  HINDUNILVR","Summary:Strong Sell
Moving Averages:Strong SellBuy (2)Sell (10)
Technical Indicators:Strong SellBuy (0)Sell (8)
Pivot PointsMay 04, 2022 08:40AM GMT
Name
S3
S2
S1
Pivot Points
R1
R2
R3
Classic
2151.80
2160.20
2167.90
2176.30
2184.00
2192.40
2200.10
Fibonacci
2160.20
2166.35
2170.15
2176.30
2182.45
2186.25
2192.40
Camarilla
2171.17
2172.65
2174.12
2176.30
2177.08
2178.55
2180.03
Woodie's
2151.46
2160.03
2167.56
2176.13
2183.66
2192.23
2199.76
DeMark's
-
-
2164.05
2174.38
2180.15
-
-
Technical IndicatorsMay 04, 2022 08:40AM GMT
Name
Value
Action
RSI(14)
36.281
Sell
STOCH(9,6)
21.913
Sell
STOCHRSI(14)
0.000
Oversold
MACD(12,26)
-1.910
Sell
ADX(14)
34.642
Sell
Williams %R
-98.766
Oversold
CCI(14)
-154.4855
Sell
ATR(14)
20.0036
Less Volatility
Highs/Lows(14)
-38.0858
Sell
Ultimate Oscillator
25.581
Oversold
ROC
-3.432
Sell
Bull/Bear Power(13)
-56.1402
Sell
Buy: 0
Sell: 8
Neutral: 0


Summary:Strong Sell
Moving AveragesMay 04, 2022 08:40AM GMT
Period
Simple
Exponential
MA5
2181.39
Sell
2183.98
Sell
MA10
2204.44
Sell
2199.21
Sell
MA20
2227.07
Sell
2205.87
Sell
MA50
2186.13
Sell
2197.53
Sell
MA100
2172.05
Sell
2172.00
Sell
MA200
2128.25
Buy
2151.86
Buy
Buy: 2
Sell: 10


Summary:Strong Sell","Volume: 1,059,235
Bid/Ask: 2,167.35 / 2,167.65
Day's Range: 2,163.05 - 2,250.85"
2022-05-04 08:46:00.000067,"2,165.05 -65.45    -2.93%
04:45:41 - Real-time Data. Currency in INR ( Disclaimer )
Type:  Equity
Market:  India
ISIN:  INE030A01027
S/N:  HINDUNILVR","Summary:Strong Sell
Moving Averages:Strong SellBuy (2)Sell (10)
Technical Indicators:Strong SellBuy (0)Sell (8)
Pivot PointsMay 04, 2022 08:40AM GMT
Name
S3
S2
S1
Pivot Points
R1
R2
R3
Classic
2151.80
2160.20
2167.90
2176.30
2184.00
2192.40
2200.10
Fibonacci
2160.20
2166.35
2170.15
2176.30
2182.45
2186.25
2192.40
Camarilla
2171.17
2172.65
2174.12
2176.30
2177.08
2178.55
2180.03
Woodie's
2151.46
2160.03
2167.56
2176.13
2183.66
2192.23
2199.76
DeMark's
-
-
2164.05
2174.38
2180.15
-
-
Technical IndicatorsMay 04, 2022 08:40AM GMT
Name
Value
Action
RSI(14)
36.281
Sell
STOCH(9,6)
21.913
Sell
STOCHRSI(14)
0.000
Oversold
MACD(12,26)
-1.910
Sell
ADX(14)
34.642
Sell
Williams %R
-98.766
Oversold
CCI(14)
-154.4855
Sell
ATR(14)
20.0036
Less Volatility
Highs/Lows(14)
-38.0858
Sell
Ultimate Oscillator
25.581
Oversold
ROC
-3.432
Sell
Bull/Bear Power(13)
-56.1402
Sell
Buy: 0
Sell: 8
Neutral: 0


Summary:Strong Sell
Moving AveragesMay 04, 2022 08:40AM GMT
Period
Simple
Exponential
MA5
2181.39
Sell
2183.98
Sell
MA10
2204.44
Sell
2199.21
Sell
MA20
2227.07
Sell
2205.87
Sell
MA50
2186.13
Sell
2197.53
Sell
MA100
2172.05
Sell
2172.00
Sell
MA200
2128.25
Buy
2151.86
Buy
Buy: 2
Sell: 10


Summary:Strong Sell","Volume: 1,066,690
Bid/Ask: 2,164.45 / 2,165.05
Day's Range: 2,163.05 - 2,250.85"
2022-05-04 08:48:00.000050,"2,163.75 -66.75    -2.99%
04:47:41 - Real-time Data. Currency in INR ( Disclaimer )
Type:  Equity
Market:  India
ISIN:  INE030A01027
S/N:  HINDUNILVR","Summary:Strong Sell
Moving Averages:Strong SellBuy (2)Sell (10)
Technical Indicators:Strong SellBuy (0)Sell (8)
Pivot PointsMay 04, 2022 08:40AM GMT
Name
S3
S2
S1
Pivot Points
R1
R2
R3
Classic
2151.80
2160.20
2167.90
2176.30
2184.00
2192.40
2200.10
Fibonacci
2160.20
2166.35
2170.15
2176.30
2182.45
2186.25
2192.40
Camarilla
2171.17
2172.65
2174.12
2176.30
2177.08
2178.55
2180.03
Woodie's
2151.46
2160.03
2167.56
2176.13
2183.66
2192.23
2199.76
DeMark's
-
-
2164.05
2174.38
2180.15
-
-
Technical IndicatorsMay 04, 2022 08:40AM GMT
Name
Value
Action
RSI(14)
36.281
Sell
STOCH(9,6)
21.913
Sell
STOCHRSI(14)
0.000
Oversold
MACD(12,26)
-1.910
Sell
ADX(14)
34.642
Sell
Williams %R
-98.766
Oversold
CCI(14)
-154.4855
Sell
ATR(14)
20.0036
Less Volatility
Highs/Lows(14)
-38.0858
Sell
Ultimate Oscillator
25.581
Oversold
ROC
-3.432
Sell
Bull/Bear Power(13)
-56.1402
Sell
Buy: 0
Sell: 8
Neutral: 0


Summary:Strong Sell
Moving AveragesMay 04, 2022 08:40AM GMT
Period
Simple
Exponential
MA5
2181.39
Sell
2183.98
Sell
MA10
2204.44
Sell
2199.21
Sell
MA20
2227.07
Sell
2205.87
Sell
MA50
2186.13
Sell
2197.53
Sell
MA100
2172.05
Sell
2172.00
Sell
MA200
2128.25
Buy
2151.86
Buy
Buy: 2
Sell: 10


Summary:Strong Sell","Volume: 1,079,906
Bid/Ask: 2,163.30 / 2,163.75
Day's Range: 2,160.35 - 2,250.85"
2022-05-04 08:50:00.000054,"2,160.90 -69.60    -3.12%
04:49:41 - Real-time Data. Currency in INR ( Disclaimer )
Type:  Equity
Market:  India
ISIN:  INE030A01027
S/N:  HINDUNILVR","Summary:Strong Sell
Moving Averages:Strong SellBuy (2)Sell (10)
Technical Indicators:Strong SellBuy (0)Sell (8)
Pivot PointsMay 04, 2022 08:40AM GMT
Name
S3
S2
S1
Pivot Points
R1
R2
R3
Classic
2151.80
2160.20
2167.90
2176.30
2184.00
2192.40
2200.10
Fibonacci
2160.20
2166.35
2170.15
2176.30
2182.45
2186.25
2192.40
Camarilla
2171.17
2172.65
2174.12
2176.30
2177.08
2178.55
2180.03
Woodie's
2151.46
2160.03
2167.56
2176.13
2183.66
2192.23
2199.76
DeMark's
-
-
2164.05
2174.38
2180.15
-
-
Technical IndicatorsMay 04, 2022 08:40AM GMT
Name
Value
Action
RSI(14)
36.281
Sell
STOCH(9,6)
21.913
Sell
STOCHRSI(14)
0.000
Oversold
MACD(12,26)
-1.910
Sell
ADX(14)
34.642
Sell
Williams %R
-98.766
Oversold
CCI(14)
-154.4855
Sell
ATR(14)
20.0036
Less Volatility
Highs/Lows(14)
-38.0858
Sell
Ultimate Oscillator
25.581
Oversold
ROC
-3.432
Sell
Bull/Bear Power(13)
-56.1402
Sell
Buy: 0
Sell: 8
Neutral: 0


Summary:Strong Sell
Moving AveragesMay 04, 2022 08:40AM GMT
Period
Simple
Exponential
MA5
2181.39
Sell
2183.98
Sell
MA10
2204.44
Sell
2199.21
Sell
MA20
2227.07
Sell
2205.87
Sell
MA50
2186.13
Sell
2197.53
Sell
MA100
2172.05
Sell
2172.00
Sell
MA200
2128.25
Buy
2151.86
Buy
Buy: 2
Sell: 10


Summary:Strong Sell","Volume: 1,085,553
Bid/Ask: 2,160.80 / 2,160.90
Day's Range: 2,160.05 - 2,250.85"
2022-05-04 08:52:00.000234,"2,166.15 -64.35    -2.89%
04:51:39 - Real-time Data. Currency in INR ( Disclaimer )
Type:  Equity
Market:  India
ISIN:  INE030A01027
S/N:  HINDUNILVR","Summary:Strong Sell
Moving Averages:Strong SellBuy (2)Sell (10)
Technical Indicators:Strong SellBuy (0)Sell (8)
Pivot PointsMay 04, 2022 08:50AM GMT
Name
S3
S2
S1
Pivot Points
R1
R2
R3
Classic
2151.80
2160.20
2167.90
2176.30
2184.00
2192.40
2200.10
Fibonacci
2160.20
2166.35
2170.15
2176.30
2182.45
2186.25
2192.40
Camarilla
2171.17
2172.65
2174.12
2176.30
2177.08
2178.55
2180.03
Woodie's
2151.46
2160.03
2167.56
2176.13
2183.66
2192.23
2199.76
DeMark's
-
-
2164.05
2174.38
2180.15
-
-
Technical IndicatorsMay 04, 2022 08:50AM GMT
Name
Value
Action
RSI(14)
35.794
Sell
STOCH(9,6)
27.339
Sell
STOCHRSI(14)
0.000
Oversold
MACD(12,26)
-2.070
Sell
ADX(14)
35.868
Sell
Williams %R
-93.743
Oversold
CCI(14)
-162.7732
Sell
ATR(14)
20.4893
Less Volatility
Highs/Lows(14)
-39.6999
Sell
Ultimate Oscillator
27.243
Oversold
ROC
-3.526
Sell
Bull/Bear Power(13)
-62.3400
Sell
Buy: 0
Sell: 8
Neutral: 0


Summary:Strong Sell
Moving AveragesMay 04, 2022 08:50AM GMT
Period
Simple
Exponential
MA5
2180.97
Sell
2183.28
Sell
MA10
2204.23
Sell
2198.83
Sell
MA20
2226.97
Sell
2205.67
Sell
MA50
2186.09
Sell
2197.45
Sell
MA100
2172.03
Sell
2171.95
Sell
MA200
2128.24
Buy
2151.84
Buy
Buy: 2
Sell: 10


Summary:Strong Sell","Volume: 1,097,246
Bid/Ask: 2,165.20 / 2,166.20
Day's Range: 2,160.05 - 2,250.85"
2022-05-04 08:54:00.000054,"2,163.60 -66.90    -3.00%
04:53:36 - Real-time Data. Currency in INR ( Disclaimer )
Type:  Equity
Market:  India
ISIN:  INE030A01027
S/N:  HINDUNILVR","Summary:Strong Sell
Moving Averages:Strong SellBuy (2)Sell (10)
Technical Indicators:Strong SellBuy (0)Sell (8)
Pivot PointsMay 04, 2022 08:50AM GMT
Name
S3
S2
S1
Pivot Points
R1
R2
R3
Classic
2151.80
2160.20
2167.90
2176.30
2184.00
2192.40
2200.10
Fibonacci
2160.20
2166.35
2170.15
2176.30
2182.45
2186.25
2192.40
Camarilla
2171.17
2172.65
2174.12
2176.30
2177.08
2178.55
2180.03
Woodie's
2151.46
2160.03
2167.56
2176.13
2183.66
2192.23
2199.76
DeMark's
-
-
2164.05
2174.38
2180.15
-
-
Technical IndicatorsMay 04, 2022 08:50AM GMT
Name
Value
Action
RSI(14)
35.794
Sell
STOCH(9,6)
27.339
Sell
STOCHRSI(14)
0.000
Oversold
MACD(12,26)
-2.070
Sell
ADX(14)
35.868
Sell
Williams %R
-93.743
Oversold
CCI(14)
-162.7732
Sell
ATR(14)
20.4893
Less Volatility
Highs/Lows(14)
-39.6999
Sell
Ultimate Oscillator
27.243
Oversold
ROC
-3.526
Sell
Bull/Bear Power(13)
-62.3400
Sell
Buy: 0
Sell: 8
Neutral: 0


Summary:Strong Sell
Moving AveragesMay 04, 2022 08:50AM GMT
Period
Simple
Exponential
MA5
2180.97
Sell
2183.28
Sell
MA10
2204.23
Sell
2198.83
Sell
MA20
2226.97
Sell
2205.67
Sell
MA50
2186.09
Sell
2197.45
Sell
MA100
2172.03
Sell
2171.95
Sell
MA200
2128.24
Buy
2151.84
Buy
Buy: 2
Sell: 10


Summary:Strong Sell","Volume: 1,105,779
Bid/Ask: 2,163.00 / 2,163.60
Day's Range: 2,160.05 - 2,250.85"
2022-05-04 08:56:00.000070,"2,162.70 -67.80    -3.04%
04:55:42 - Real-time Data. Currency in INR ( Disclaimer )
Type:  Equity
Market:  India
ISIN:  INE030A01027
S/N:  HINDUNILVR","Summary:Strong Sell
Moving Averages:Strong SellBuy (2)Sell (10)
Technical Indicators:Strong SellBuy (0)Sell (8)
Pivot PointsMay 04, 2022 08:50AM GMT
Name
S3
S2
S1
Pivot Points
R1
R2
R3
Classic
2151.80
2160.20
2167.90
2176.30
2184.00
2192.40
2200.10
Fibonacci
2160.20
2166.35
2170.15
2176.30
2182.45
2186.25
2192.40
Camarilla
2171.17
2172.65
2174.12
2176.30
2177.08
2178.55
2180.03
Woodie's
2151.46
2160.03
2167.56
2176.13
2183.66
2192.23
2199.76
DeMark's
-
-
2164.05
2174.38
2180.15
-
-
Technical IndicatorsMay 04, 2022 08:50AM GMT
Name
Value
Action
RSI(14)
35.794
Sell
STOCH(9,6)
27.339
Sell
STOCHRSI(14)
0.000
Oversold
MACD(12,26)
-2.070
Sell
ADX(14)
35.868
Sell
Williams %R
-93.743
Oversold
CCI(14)
-162.7732
Sell
ATR(14)
20.4893
Less Volatility
Highs/Lows(14)
-39.6999
Sell
Ultimate Oscillator
27.243
Oversold
ROC
-3.526
Sell
Bull/Bear Power(13)
-62.3400
Sell
Buy: 0
Sell: 8
Neutral: 0


Summary:Strong Sell
Moving AveragesMay 04, 2022 08:50AM GMT
Period
Simple
Exponential
MA5
2180.97
Sell
2183.28
Sell
MA10
2204.23
Sell
2198.83
Sell
MA20
2226.97
Sell
2205.67
Sell
MA50
2186.09
Sell
2197.45
Sell
MA100
2172.03
Sell
2171.95
Sell
MA200
2128.24
Buy
2151.84
Buy
Buy: 2
Sell: 10


Summary:Strong Sell","Volume: 1,111,289
Bid/Ask: 2,162.40 / 2,162.70
Day's Range: 2,160.05 - 2,250.85"
2022-05-04 08:58:00.000053,"2,164.30 -66.20    -2.97%
04:57:42 - Real-time Data. Currency in INR ( Disclaimer )
Type:  Equity
Market:  India
ISIN:  INE030A01027
S/N:  HINDUNILVR","Summary:Strong Sell
Moving Averages:Strong SellBuy (2)Sell (10)
Technical Indicators:Strong SellBuy (0)Sell (8)
Pivot PointsMay 04, 2022 08:50AM GMT
Name
S3
S2
S1
Pivot Points
R1
R2
R3
Classic
2151.80
2160.20
2167.90
2176.30
2184.00
2192.40
2200.10
Fibonacci
2160.20
2166.35
2170.15
2176.30
2182.45
2186.25
2192.40
Camarilla
2171.17
2172.65
2174.12
2176.30
2177.08
2178.55
2180.03
Woodie's
2151.46
2160.03
2167.56
2176.13
2183.66
2192.23
2199.76
DeMark's
-
-
2164.05
2174.38
2180.15
-
-
Technical IndicatorsMay 04, 2022 08:50AM GMT
Name
Value
Action
RSI(14)
35.794
Sell
STOCH(9,6)
27.339
Sell
STOCHRSI(14)
0.000
Oversold
MACD(12,26)
-2.070
Sell
ADX(14)
35.868
Sell
Williams %R
-93.743
Oversold
CCI(14)
-162.7732
Sell
ATR(14)
20.4893
Less Volatility
Highs/Lows(14)
-39.6999
Sell
Ultimate Oscillator
27.243
Oversold
ROC
-3.526
Sell
Bull/Bear Power(13)
-62.3400
Sell
Buy: 0
Sell: 8
Neutral: 0


Summary:Strong Sell
Moving AveragesMay 04, 2022 08:50AM GMT
Period
Simple
Exponential
MA5
2180.97
Sell
2183.28
Sell
MA10
2204.23
Sell
2198.83
Sell
MA20
2226.97
Sell
2205.67
Sell
MA50
2186.09
Sell
2197.45
Sell
MA100
2172.03
Sell
2171.95
Sell
MA200
2128.24
Buy
2151.84
Buy
Buy: 2
Sell: 10


Summary:Strong Sell","Volume: 1,117,183
Bid/Ask: 2,164.00 / 2,164.30
Day's Range: 2,160.05 - 2,250.85"
2022-05-04 09:00:00.000055,"2,162.30 -68.20    -3.06%
04:59:42 - Real-time Data. Currency in INR ( Disclaimer )
Type:  Equity
Market:  India
ISIN:  INE030A01027
S/N:  HINDUNILVR","Summary:Strong Sell
Moving Averages:Strong SellBuy (2)Sell (10)
Technical Indicators:Strong SellBuy (0)Sell (8)
Pivot PointsMay 04, 2022 08:50AM GMT
Name
S3
S2
S1
Pivot Points
R1
R2
R3
Classic
2151.80
2160.20
2167.90
2176.30
2184.00
2192.40
2200.10
Fibonacci
2160.20
2166.35
2170.15
2176.30
2182.45
2186.25
2192.40
Camarilla
2171.17
2172.65
2174.12
2176.30
2177.08
2178.55
2180.03
Woodie's
2151.46
2160.03
2167.56
2176.13
2183.66
2192.23
2199.76
DeMark's
-
-
2164.05
2174.38
2180.15
-
-
Technical IndicatorsMay 04, 2022 08:50AM GMT
Name
Value
Action
RSI(14)
35.794
Sell
STOCH(9,6)
27.339
Sell
STOCHRSI(14)
0.000
Oversold
MACD(12,26)
-2.070
Sell
ADX(14)
35.868
Sell
Williams %R
-93.743
Oversold
CCI(14)
-162.7732
Sell
ATR(14)
20.4893
Less Volatility
Highs/Lows(14)
-39.6999
Sell
Ultimate Oscillator
27.243
Oversold
ROC
-3.526
Sell
Bull/Bear Power(13)
-62.3400
Sell
Buy: 0
Sell: 8
Neutral: 0


Summary:Strong Sell
Moving AveragesMay 04, 2022 08:50AM GMT
Period
Simple
Exponential
MA5
2180.97
Sell
2183.28
Sell
MA10
2204.23
Sell
2198.83
Sell
MA20
2226.97
Sell
2205.67
Sell
MA50
2186.09
Sell
2197.45
Sell
MA100
2172.03
Sell
2171.95
Sell
MA200
2128.24
Buy
2151.84
Buy
Buy: 2
Sell: 10


Summary:Strong Sell","Volume: 1,122,588
Bid/Ask: 2,162.20 / 2,162.30
Day's Range: 2,160.05 - 2,250.85"
2022-05-04 09:02:00.000111,"2,163.45 -67.05    -3.01%
05:01:43 - Real-time Data. Currency in INR ( Disclaimer )
Type:  Equity
Market:  India
ISIN:  INE030A01027
S/N:  HINDUNILVR","Summary:Strong Sell
Moving Averages:Strong SellBuy (2)Sell (10)
Technical Indicators:Strong SellBuy (0)Sell (7)
Pivot PointsMay 04, 2022 09:00AM GMT
Name
S3
S2
S1
Pivot Points
R1
R2
R3
Classic
2126.96
2143.53
2153.76
2170.33
2180.56
2197.13
2207.36
Fibonacci
2143.53
2153.77
2160.09
2170.33
2180.57
2186.89
2197.13
Camarilla
2156.63
2159.09
2161.54
2170.33
2166.46
2168.91
2171.37
Woodie's
2123.80
2141.95
2150.60
2168.75
2177.40
2195.55
2204.20
DeMark's
-
-
2148.65
2167.78
2175.45
-
-
Technical IndicatorsMay 04, 2022 09:00AM GMT
Name
Value
Action
RSI(14)
35.352
Sell
STOCH(9,6)
19.326
Oversold
STOCHRSI(14)
0.000
Oversold
MACD(12,26)
-4.690
Sell
ADX(14)
39.112
Sell
Williams %R
-95.865
Oversold
CCI(14)
-137.0997
Sell
ATR(14)
18.0143
Less Volatility
Highs/Lows(14)
-38.3394
Sell
Ultimate Oscillator
24.995
Oversold
ROC
-2.571
Sell
Bull/Bear Power(13)
-70.2322
Sell
Buy: 0
Sell: 7
Neutral: 0


Summary:Strong Sell
Moving AveragesMay 04, 2022 09:00AM GMT
Period
Simple
Exponential
MA5
2176.12
Sell
2176.55
Sell
MA10
2195.88
Sell
2192.27
Sell
MA20
2222.52
Sell
2201.29
Sell
MA50
2187.42
Sell
2196.17
Sell
MA100
2172.33
Sell
2171.85
Sell
MA200
2129.31
Buy
2151.92
Buy
Buy: 2
Sell: 10


Summary:Strong Sell","Volume: 1,128,292
Bid/Ask: 2,163.25 / 2,163.45
Day's Range: 2,160.05 - 2,250.85"
2022-05-04 09:04:00.000059,"2,161.00 -69.50    -3.12%
05:03:40 - Real-time Data. Currency in INR ( Disclaimer )
Type:  Equity
Market:  India
ISIN:  INE030A01027
S/N:  HINDUNILVR","Summary:Strong Sell
Moving Averages:Strong SellBuy (2)Sell (10)
Technical Indicators:Strong SellBuy (0)Sell (7)
Pivot PointsMay 04, 2022 09:00AM GMT
Name
S3
S2
S1
Pivot Points
R1
R2
R3
Classic
2126.96
2143.53
2153.76
2170.33
2180.56
2197.13
2207.36
Fibonacci
2143.53
2153.77
2160.09
2170.33
2180.57
2186.89
2197.13
Camarilla
2156.63
2159.09
2161.54
2170.33
2166.46
2168.91
2171.37
Woodie's
2123.80
2141.95
2150.60
2168.75
2177.40
2195.55
2204.20
DeMark's
-
-
2148.65
2167.78
2175.45
-
-
Technical IndicatorsMay 04, 2022 09:00AM GMT
Name
Value
Action
RSI(14)
35.352
Sell
STOCH(9,6)
19.326
Oversold
STOCHRSI(14)
0.000
Oversold
MACD(12,26)
-4.690
Sell
ADX(14)
39.112
Sell
Williams %R
-95.865
Oversold
CCI(14)
-137.0997
Sell
ATR(14)
18.0143
Less Volatility
Highs/Lows(14)
-38.3394
Sell
Ultimate Oscillator
24.995
Oversold
ROC
-2.571
Sell
Bull/Bear Power(13)
-70.2322
Sell
Buy: 0
Sell: 7
Neutral: 0


Summary:Strong Sell
Moving AveragesMay 04, 2022 09:00AM GMT
Period
Simple
Exponential
MA5
2176.12
Sell
2176.55
Sell
MA10
2195.88
Sell
2192.27
Sell
MA20
2222.52
Sell
2201.29
Sell
MA50
2187.42
Sell
2196.17
Sell
MA100
2172.33
Sell
2171.85
Sell
MA200
2129.31
Buy
2151.92
Buy
Buy: 2
Sell: 10


Summary:Strong Sell","Volume: 1,134,526
Bid/Ask: 2,160.95 / 2,161.00
Day's Range: 2,160.05 - 2,250.85"
2022-05-04 09:06:00.000068,"2,156.20 -74.30    -3.33%
05:05:42 - Real-time Data. Currency in INR ( Disclaimer )
Type:  Equity
Market:  India
ISIN:  INE030A01027
S/N:  HINDUNILVR","Summary:Strong Sell
Moving Averages:Strong SellBuy (2)Sell (10)
Technical Indicators:Strong SellBuy (0)Sell (7)
Pivot PointsMay 04, 2022 09:00AM GMT
Name
S3
S2
S1
Pivot Points
R1
R2
R3
Classic
2126.96
2143.53
2153.76
2170.33
2180.56
2197.13
2207.36
Fibonacci
2143.53
2153.77
2160.09
2170.33
2180.57
2186.89
2197.13
Camarilla
2156.63
2159.09
2161.54
2170.33
2166.46
2168.91
2171.37
Woodie's
2123.80
2141.95
2150.60
2168.75
2177.40
2195.55
2204.20
DeMark's
-
-
2148.65
2167.78
2175.45
-
-
Technical IndicatorsMay 04, 2022 09:00AM GMT
Name
Value
Action
RSI(14)
35.352
Sell
STOCH(9,6)
19.326
Oversold
STOCHRSI(14)
0.000
Oversold
MACD(12,26)
-4.690
Sell
ADX(14)
39.112
Sell
Williams %R
-95.865
Oversold
CCI(14)
-137.0997
Sell
ATR(14)
18.0143
Less Volatility
Highs/Lows(14)
-38.3394
Sell
Ultimate Oscillator
24.995
Oversold
ROC
-2.571
Sell
Bull/Bear Power(13)
-70.2322
Sell
Buy: 0
Sell: 7
Neutral: 0


Summary:Strong Sell
Moving AveragesMay 04, 2022 09:00AM GMT
Period
Simple
Exponential
MA5
2176.12
Sell
2176.55
Sell
MA10
2195.88
Sell
2192.27
Sell
MA20
2222.52
Sell
2201.29
Sell
MA50
2187.42
Sell
2196.17
Sell
MA100
2172.33
Sell
2171.85
Sell
MA200
2129.31
Buy
2151.92
Buy
Buy: 2
Sell: 10


Summary:Strong Sell","Volume: 1,145,960
Bid/Ask: 2,156.00 / 2,156.20
Day's Range: 2,155.05 - 2,250.85"
2022-05-04 09:08:00.000054,"2,156.40 -74.10    -3.32%
05:07:37 - Real-time Data. Currency in INR ( Disclaimer )
Type:  Equity
Market:  India
ISIN:  INE030A01027
S/N:  HINDUNILVR","Summary:Strong Sell
Moving Averages:Strong SellBuy (2)Sell (10)
Technical Indicators:Strong SellBuy (0)Sell (7)
Pivot PointsMay 04, 2022 09:00AM GMT
Name
S3
S2
S1
Pivot Points
R1
R2
R3
Classic
2126.96
2143.53
2153.76
2170.33
2180.56
2197.13
2207.36
Fibonacci
2143.53
2153.77
2160.09
2170.33
2180.57
2186.89
2197.13
Camarilla
2156.63
2159.09
2161.54
2170.33
2166.46
2168.91
2171.37
Woodie's
2123.80
2141.95
2150.60
2168.75
2177.40
2195.55
2204.20
DeMark's
-
-
2148.65
2167.78
2175.45
-
-
Technical IndicatorsMay 04, 2022 09:00AM GMT
Name
Value
Action
RSI(14)
35.352
Sell
STOCH(9,6)
19.326
Oversold
STOCHRSI(14)
0.000
Oversold
MACD(12,26)
-4.690
Sell
ADX(14)
39.112
Sell
Williams %R
-95.865
Oversold
CCI(14)
-137.0997
Sell
ATR(14)
18.0143
Less Volatility
Highs/Lows(14)
-38.3394
Sell
Ultimate Oscillator
24.995
Oversold
ROC
-2.571
Sell
Bull/Bear Power(13)
-70.2322
Sell
Buy: 0
Sell: 7
Neutral: 0


Summary:Strong Sell
Moving AveragesMay 04, 2022 09:00AM GMT
Period
Simple
Exponential
MA5
2176.12
Sell
2176.55
Sell
MA10
2195.88
Sell
2192.27
Sell
MA20
2222.52
Sell
2201.29
Sell
MA50
2187.42
Sell
2196.17
Sell
MA100
2172.33
Sell
2171.85
Sell
MA200
2129.31
Buy
2151.92
Buy
Buy: 2
Sell: 10


Summary:Strong Sell","Volume: 1,153,563
Bid/Ask: 2,155.80 / 2,156.35
Day's Range: 2,154.55 - 2,250.85"
2022-05-04 09:10:00.000051,"2,154.00 -76.50    -3.43%
05:09:42 - Real-time Data. Currency in INR ( Disclaimer )
Type:  Equity
Market:  India
ISIN:  INE030A01027
S/N:  HINDUNILVR","Summary:Strong Sell
Moving Averages:Strong SellBuy (2)Sell (10)
Technical Indicators:Strong SellBuy (0)Sell (7)
Pivot PointsMay 04, 2022 09:00AM GMT
Name
S3
S2
S1
Pivot Points
R1
R2
R3
Classic
2126.96
2143.53
2153.76
2170.33
2180.56
2197.13
2207.36
Fibonacci
2143.53
2153.77
2160.09
2170.33
2180.57
2186.89
2197.13
Camarilla
2156.63
2159.09
2161.54
2170.33
2166.46
2168.91
2171.37
Woodie's
2123.80
2141.95
2150.60
2168.75
2177.40
2195.55
2204.20
DeMark's
-
-
2148.65
2167.78
2175.45
-
-
Technical IndicatorsMay 04, 2022 09:00AM GMT
Name
Value
Action
RSI(14)
35.352
Sell
STOCH(9,6)
19.326
Oversold
STOCHRSI(14)
0.000
Oversold
MACD(12,26)
-4.690
Sell
ADX(14)
39.112
Sell
Williams %R
-95.865
Oversold
CCI(14)
-137.0997
Sell
ATR(14)
18.0143
Less Volatility
Highs/Lows(14)
-38.3394
Sell
Ultimate Oscillator
24.995
Oversold
ROC
-2.571
Sell
Bull/Bear Power(13)
-70.2322
Sell
Buy: 0
Sell: 7
Neutral: 0


Summary:Strong Sell
Moving AveragesMay 04, 2022 09:00AM GMT
Period
Simple
Exponential
MA5
2176.12
Sell
2176.55
Sell
MA10
2195.88
Sell
2192.27
Sell
MA20
2222.52
Sell
2201.29
Sell
MA50
2187.42
Sell
2196.17
Sell
MA100
2172.33
Sell
2171.85
Sell
MA200
2129.31
Buy
2151.92
Buy
Buy: 2
Sell: 10


Summary:Strong Sell","Volume: 1,165,270
Bid/Ask: 2,153.40 / 2,154.00
Day's Range: 2,152.00 - 2,250.85"
2022-05-04 09:12:00.000054,"2,154.35 -76.15    -3.41%
05:11:42 - Real-time Data. Currency in INR ( Disclaimer )
Type:  Equity
Market:  India
ISIN:  INE030A01027
S/N:  HINDUNILVR","Summary:Strong Sell
Moving Averages:Strong SellBuy (2)Sell (10)
Technical Indicators:Strong SellBuy (0)Sell (8)
Pivot PointsMay 04, 2022 09:10AM GMT
Name
S3
S2
S1
Pivot Points
R1
R2
R3
Classic
2126.96
2143.53
2153.76
2170.33
2180.56
2197.13
2207.36
Fibonacci
2143.53
2153.77
2160.09
2170.33
2180.57
2186.89
2197.13
Camarilla
2156.63
2159.09
2161.54
2170.33
2166.46
2168.91
2171.37
Woodie's
2123.80
2141.95
2150.60
2168.75
2177.40
2195.55
2204.20
DeMark's
-
-
2148.65
2167.78
2175.45
-
-
Technical IndicatorsMay 04, 2022 09:10AM GMT
Name
Value
Action
RSI(14)
33.464
Sell
STOCH(9,6)
24.208
Sell
STOCHRSI(14)
0.000
Oversold
MACD(12,26)
-5.350
Sell
ADX(14)
40.207
Sell
Williams %R
-96.787
Oversold
CCI(14)
-150.7191
Sell
ATR(14)
18.9286
Less Volatility
Highs/Lows(14)
-45.8356
Sell
Ultimate Oscillator
25.093
Oversold
ROC
-2.945
Sell
Bull/Bear Power(13)
-77.4600
Sell
Buy: 0
Sell: 8
Neutral: 0


Summary:Strong Sell
Moving AveragesMay 04, 2022 09:10AM GMT
Period
Simple
Exponential
MA5
2174.46
Sell
2173.78
Sell
MA10
2195.05
Sell
2190.76
Sell
MA20
2222.11
Sell
2200.49
Sell
MA50
2187.26
Sell
2195.85
Sell
MA100
2172.25
Sell
2171.68
Sell
MA200
2129.27
Buy
2151.84
Buy
Buy: 2
Sell: 10


Summary:Strong Sell","Volume: 1,175,447
Bid/Ask: 2,153.40 / 2,154.35
Day's Range: 2,152.00 - 2,250.85"
2022-05-04 09:14:00.000052,"2,152.00 -78.50    -3.52%
05:13:43 - Real-time Data. Currency in INR ( Disclaimer )
Type:  Equity
Market:  India
ISIN:  INE030A01027
S/N:  HINDUNILVR","Summary:Strong Sell
Moving Averages:Strong SellBuy (2)Sell (10)
Technical Indicators:Strong SellBuy (0)Sell (8)
Pivot PointsMay 04, 2022 09:10AM GMT
Name
S3
S2
S1
Pivot Points
R1
R2
R3
Classic
2126.96
2143.53
2153.76
2170.33
2180.56
2197.13
2207.36
Fibonacci
2143.53
2153.77
2160.09
2170.33
2180.57
2186.89
2197.13
Camarilla
2156.63
2159.09
2161.54
2170.33
2166.46
2168.91
2171.37
Woodie's
2123.80
2141.95
2150.60
2168.75
2177.40
2195.55
2204.20
DeMark's
-
-
2148.65
2167.78
2175.45
-
-
Technical IndicatorsMay 04, 2022 09:10AM GMT
Name
Value
Action
RSI(14)
33.464
Sell
STOCH(9,6)
24.208
Sell
STOCHRSI(14)
0.000
Oversold
MACD(12,26)
-5.350
Sell
ADX(14)
40.207
Sell
Williams %R
-96.787
Oversold
CCI(14)
-150.7191
Sell
ATR(14)
18.9286
Less Volatility
Highs/Lows(14)
-45.8356
Sell
Ultimate Oscillator
25.093
Oversold
ROC
-2.945
Sell
Bull/Bear Power(13)
-77.4600
Sell
Buy: 0
Sell: 8
Neutral: 0


Summary:Strong Sell
Moving AveragesMay 04, 2022 09:10AM GMT
Period
Simple
Exponential
MA5
2174.46
Sell
2173.78
Sell
MA10
2195.05
Sell
2190.76
Sell
MA20
2222.11
Sell
2200.49
Sell
MA50
2187.26
Sell
2195.85
Sell
MA100
2172.25
Sell
2171.68
Sell
MA200
2129.27
Buy
2151.84
Buy
Buy: 2
Sell: 10


Summary:Strong Sell","Volume: 1,185,987
Bid/Ask: 2,152.00 / 2,152.05
Day's Range: 2,152.00 - 2,250.85"
2022-05-04 09:16:00.000052,"2,156.10 -74.40    -3.34%
05:15:42 - Real-time Data. Currency in INR ( Disclaimer )
Type:  Equity
Market:  India
ISIN:  INE030A01027
S/N:  HINDUNILVR","Summary:Strong Sell
Moving Averages:Strong SellBuy (2)Sell (10)
Technical Indicators:Strong SellBuy (0)Sell (8)
Pivot PointsMay 04, 2022 09:10AM GMT
Name
S3
S2
S1
Pivot Points
R1
R2
R3
Classic
2126.96
2143.53
2153.76
2170.33
2180.56
2197.13
2207.36
Fibonacci
2143.53
2153.77
2160.09
2170.33
2180.57
2186.89
2197.13
Camarilla
2156.63
2159.09
2161.54
2170.33
2166.46
2168.91
2171.37
Woodie's
2123.80
2141.95
2150.60
2168.75
2177.40
2195.55
2204.20
DeMark's
-
-
2148.65
2167.78
2175.45
-
-
Technical IndicatorsMay 04, 2022 09:10AM GMT
Name
Value
Action
RSI(14)
33.464
Sell
STOCH(9,6)
24.208
Sell
STOCHRSI(14)
0.000
Oversold
MACD(12,26)
-5.350
Sell
ADX(14)
40.207
Sell
Williams %R
-96.787
Oversold
CCI(14)
-150.7191
Sell
ATR(14)
18.9286
Less Volatility
Highs/Lows(14)
-45.8356
Sell
Ultimate Oscillator
25.093
Oversold
ROC
-2.945
Sell
Bull/Bear Power(13)
-77.4600
Sell
Buy: 0
Sell: 8
Neutral: 0


Summary:Strong Sell
Moving AveragesMay 04, 2022 09:10AM GMT
Period
Simple
Exponential
MA5
2174.46
Sell
2173.78
Sell
MA10
2195.05
Sell
2190.76
Sell
MA20
2222.11
Sell
2200.49
Sell
MA50
2187.26
Sell
2195.85
Sell
MA100
2172.25
Sell
2171.68
Sell
MA200
2129.27
Buy
2151.84
Buy
Buy: 2
Sell: 10


Summary:Strong Sell","Volume: 1,208,871
Bid/Ask: 2,155.00 / 2,156.15
Day's Range: 2,148.65 - 2,250.85"
2022-05-04 09:18:00.000055,"2,162.50 -68.00    -3.05%
05:17:43 - Real-time Data. Currency in INR ( Disclaimer )
Type:  Equity
Market:  India
ISIN:  INE030A01027
S/N:  HINDUNILVR","Summary:Strong Sell
Moving Averages:Strong SellBuy (2)Sell (10)
Technical Indicators:Strong SellBuy (0)Sell (8)
Pivot PointsMay 04, 2022 09:10AM GMT
Name
S3
S2
S1
Pivot Points
R1
R2
R3
Classic
2126.96
2143.53
2153.76
2170.33
2180.56
2197.13
2207.36
Fibonacci
2143.53
2153.77
2160.09
2170.33
2180.57
2186.89
2197.13
Camarilla
2156.63
2159.09
2161.54
2170.33
2166.46
2168.91
2171.37
Woodie's
2123.80
2141.95
2150.60
2168.75
2177.40
2195.55
2204.20
DeMark's
-
-
2148.65
2167.78
2175.45
-
-
Technical IndicatorsMay 04, 2022 09:10AM GMT
Name
Value
Action
RSI(14)
33.464
Sell
STOCH(9,6)
24.208
Sell
STOCHRSI(14)
0.000
Oversold
MACD(12,26)
-5.350
Sell
ADX(14)
40.207
Sell
Williams %R
-96.787
Oversold
CCI(14)
-150.7191
Sell
ATR(14)
18.9286
Less Volatility
Highs/Lows(14)
-45.8356
Sell
Ultimate Oscillator
25.093
Oversold
ROC
-2.945
Sell
Bull/Bear Power(13)
-77.4600
Sell
Buy: 0
Sell: 8
Neutral: 0


Summary:Strong Sell
Moving AveragesMay 04, 2022 09:10AM GMT
Period
Simple
Exponential
MA5
2174.46
Sell
2173.78
Sell
MA10
2195.05
Sell
2190.76
Sell
MA20
2222.11
Sell
2200.49
Sell
MA50
2187.26
Sell
2195.85
Sell
MA100
2172.25
Sell
2171.68
Sell
MA200
2129.27
Buy
2151.84
Buy
Buy: 2
Sell: 10


Summary:Strong Sell","Volume: 1,234,385
Bid/Ask: 2,162.50 / 2,162.90
Day's Range: 2,148.65 - 2,250.85"
2022-05-04 09:20:00.000050,"2,156.95 -73.55    -3.30%
05:19:42 - Real-time Data. Currency in INR ( Disclaimer )
Type:  Equity
Market:  India
ISIN:  INE030A01027
S/N:  HINDUNILVR","Summary:Strong Sell
Moving Averages:Strong SellBuy (2)Sell (10)
Technical Indicators:Strong SellBuy (0)Sell (8)
Pivot PointsMay 04, 2022 09:10AM GMT
Name
S3
S2
S1
Pivot Points
R1
R2
R3
Classic
2126.96
2143.53
2153.76
2170.33
2180.56
2197.13
2207.36
Fibonacci
2143.53
2153.77
2160.09
2170.33
2180.57
2186.89
2197.13
Camarilla
2156.63
2159.09
2161.54
2170.33
2166.46
2168.91
2171.37
Woodie's
2123.80
2141.95
2150.60
2168.75
2177.40
2195.55
2204.20
DeMark's
-
-
2148.65
2167.78
2175.45
-
-
Technical IndicatorsMay 04, 2022 09:10AM GMT
Name
Value
Action
RSI(14)
33.464
Sell
STOCH(9,6)
24.208
Sell
STOCHRSI(14)
0.000
Oversold
MACD(12,26)
-5.350
Sell
ADX(14)
40.207
Sell
Williams %R
-96.787
Oversold
CCI(14)
-150.7191
Sell
ATR(14)
18.9286
Less Volatility
Highs/Lows(14)
-45.8356
Sell
Ultimate Oscillator
25.093
Oversold
ROC
-2.945
Sell
Bull/Bear Power(13)
-77.4600
Sell
Buy: 0
Sell: 8
Neutral: 0


Summary:Strong Sell
Moving AveragesMay 04, 2022 09:10AM GMT
Period
Simple
Exponential
MA5
2174.46
Sell
2173.78
Sell
MA10
2195.05
Sell
2190.76
Sell
MA20
2222.11
Sell
2200.49
Sell
MA50
2187.26
Sell
2195.85
Sell
MA100
2172.25
Sell
2171.68
Sell
MA200
2129.27
Buy
2151.84
Buy
Buy: 2
Sell: 10


Summary:Strong Sell","Volume: 1,241,991
Bid/Ask: 2,156.05 / 2,156.85
Day's Range: 2,148.65 - 2,250.85"
2022-05-04 09:22:00.000067,"2,158.95 -71.55    -3.21%
05:21:38 - Real-time Data. Currency in INR ( Disclaimer )
Type:  Equity
Market:  India
ISIN:  INE030A01027
S/N:  HINDUNILVR","Summary:Strong Sell
Moving Averages:Strong SellBuy (2)Sell (10)
Technical Indicators:Strong SellBuy (0)Sell (8)
Pivot PointsMay 04, 2022 09:20AM GMT
Name
S3
S2
S1
Pivot Points
R1
R2
R3
Classic
2126.96
2143.53
2153.76
2170.33
2180.56
2197.13
2207.36
Fibonacci
2143.53
2153.77
2160.09
2170.33
2180.57
2186.89
2197.13
Camarilla
2156.63
2159.09
2161.54
2170.33
2166.46
2168.91
2171.37
Woodie's
2123.80
2141.95
2150.60
2168.75
2177.40
2195.55
2204.20
DeMark's
-
-
2148.65
2167.78
2175.45
-
-
Technical IndicatorsMay 04, 2022 09:20AM GMT
Name
Value
Action
RSI(14)
33.911
Sell
STOCH(9,6)
26.322
Sell
STOCHRSI(14)
0.000
Oversold
MACD(12,26)
-5.190
Sell
ADX(14)
40.299
Sell
Williams %R
-92.546
Oversold
CCI(14)
-150.9435
Sell
ATR(14)
19.0964
Less Volatility
Highs/Lows(14)
-43.6180
Sell
Ultimate Oscillator
27.001
Oversold
ROC
-2.852
Sell
Bull/Bear Power(13)
-80.3959
Sell
Buy: 0
Sell: 8
Neutral: 0


Summary:Strong Sell
Moving AveragesMay 04, 2022 09:20AM GMT
Period
Simple
Exponential
MA5
2174.87
Sell
2174.47
Sell
MA10
2195.26
Sell
2191.13
Sell
MA20
2222.21
Sell
2200.69
Sell
MA50
2187.30
Sell
2195.93
Sell
MA100
2172.27
Sell
2171.72
Sell
MA200
2129.28
Buy
2151.86
Buy
Buy: 2
Sell: 10


Summary:Strong Sell","Volume: 1,247,162
Bid/Ask: 2,158.00 / 2,158.95
Day's Range: 2,148.65 - 2,250.85"
2022-05-04 09:24:00.000054,"2,157.05 -73.45    -3.29%
05:23:39 - Real-time Data. Currency in INR ( Disclaimer )
Type:  Equity
Market:  India
ISIN:  INE030A01027
S/N:  HINDUNILVR","Summary:Strong Sell
Moving Averages:Strong SellBuy (2)Sell (10)
Technical Indicators:Strong SellBuy (0)Sell (8)
Pivot PointsMay 04, 2022 09:20AM GMT
Name
S3
S2
S1
Pivot Points
R1
R2
R3
Classic
2126.96
2143.53
2153.76
2170.33
2180.56
2197.13
2207.36
Fibonacci
2143.53
2153.77
2160.09
2170.33
2180.57
2186.89
2197.13
Camarilla
2156.63
2159.09
2161.54
2170.33
2166.46
2168.91
2171.37
Woodie's
2123.80
2141.95
2150.60
2168.75
2177.40
2195.55
2204.20
DeMark's
-
-
2148.65
2167.78
2175.45
-
-
Technical IndicatorsMay 04, 2022 09:20AM GMT
Name
Value
Action
RSI(14)
33.911
Sell
STOCH(9,6)
26.322
Sell
STOCHRSI(14)
0.000
Oversold
MACD(12,26)
-5.190
Sell
ADX(14)
40.299
Sell
Williams %R
-92.546
Oversold
CCI(14)
-150.9435
Sell
ATR(14)
19.0964
Less Volatility
Highs/Lows(14)
-43.6180
Sell
Ultimate Oscillator
27.001
Oversold
ROC
-2.852
Sell
Bull/Bear Power(13)
-80.3959
Sell
Buy: 0
Sell: 8
Neutral: 0


Summary:Strong Sell
Moving AveragesMay 04, 2022 09:20AM GMT
Period
Simple
Exponential
MA5
2174.87
Sell
2174.47
Sell
MA10
2195.26
Sell
2191.13
Sell
MA20
2222.21
Sell
2200.69
Sell
MA50
2187.30
Sell
2195.93
Sell
MA100
2172.27
Sell
2171.72
Sell
MA200
2129.28
Buy
2151.86
Buy
Buy: 2
Sell: 10


Summary:Strong Sell","Volume: 1,253,861
Bid/Ask: 2,157.05 / 2,157.90
Day's Range: 2,148.65 - 2,250.85"
2022-05-04 09:26:00.000079,"2,161.65 -68.85    -3.09%
05:25:38 - Real-time Data. Currency in INR ( Disclaimer )
Type:  Equity
Market:  India
ISIN:  INE030A01027
S/N:  HINDUNILVR","Summary:Strong Sell
Moving Averages:Strong SellBuy (2)Sell (10)
Technical Indicators:Strong SellBuy (0)Sell (8)
Pivot PointsMay 04, 2022 09:20AM GMT
Name
S3
S2
S1
Pivot Points
R1
R2
R3
Classic
2126.96
2143.53
2153.76
2170.33
2180.56
2197.13
2207.36
Fibonacci
2143.53
2153.77
2160.09
2170.33
2180.57
2186.89
2197.13
Camarilla
2156.63
2159.09
2161.54
2170.33
2166.46
2168.91
2171.37
Woodie's
2123.80
2141.95
2150.60
2168.75
2177.40
2195.55
2204.20
DeMark's
-
-
2148.65
2167.78
2175.45
-
-
Technical IndicatorsMay 04, 2022 09:20AM GMT
Name
Value
Action
RSI(14)
33.911
Sell
STOCH(9,6)
26.322
Sell
STOCHRSI(14)
0.000
Oversold
MACD(12,26)
-5.190
Sell
ADX(14)
40.299
Sell
Williams %R
-92.546
Oversold
CCI(14)
-150.9435
Sell
ATR(14)
19.0964
Less Volatility
Highs/Lows(14)
-43.6180
Sell
Ultimate Oscillator
27.001
Oversold
ROC
-2.852
Sell
Bull/Bear Power(13)
-80.3959
Sell
Buy: 0
Sell: 8
Neutral: 0


Summary:Strong Sell
Moving AveragesMay 04, 2022 09:20AM GMT
Period
Simple
Exponential
MA5
2174.87
Sell
2174.47
Sell
MA10
2195.26
Sell
2191.13
Sell
MA20
2222.21
Sell
2200.69
Sell
MA50
2187.30
Sell
2195.93
Sell
MA100
2172.27
Sell
2171.72
Sell
MA200
2129.28
Buy
2151.86
Buy
Buy: 2
Sell: 10


Summary:Strong Sell","Volume: 1,261,570
Bid/Ask: 2,160.75 / 2,161.80
Day's Range: 2,148.65 - 2,250.85"
2022-05-04 09:28:00.000069,"2,155.70 -74.80    -3.35%
05:27:33 - Real-time Data. Currency in INR ( Disclaimer )
Type:  Equity
Market:  India
ISIN:  INE030A01027
S/N:  HINDUNILVR","Summary:Strong Sell
Moving Averages:Strong SellBuy (2)Sell (10)
Technical Indicators:Strong SellBuy (0)Sell (8)
Pivot PointsMay 04, 2022 09:20AM GMT
Name
S3
S2
S1
Pivot Points
R1
R2
R3
Classic
2126.96
2143.53
2153.76
2170.33
2180.56
2197.13
2207.36
Fibonacci
2143.53
2153.77
2160.09
2170.33
2180.57
2186.89
2197.13
Camarilla
2156.63
2159.09
2161.54
2170.33
2166.46
2168.91
2171.37
Woodie's
2123.80
2141.95
2150.60
2168.75
2177.40
2195.55
2204.20
DeMark's
-
-
2148.65
2167.78
2175.45
-
-
Technical IndicatorsMay 04, 2022 09:20AM GMT
Name
Value
Action
RSI(14)
33.911
Sell
STOCH(9,6)
26.322
Sell
STOCHRSI(14)
0.000
Oversold
MACD(12,26)
-5.190
Sell
ADX(14)
40.299
Sell
Williams %R
-92.546
Oversold
CCI(14)
-150.9435
Sell
ATR(14)
19.0964
Less Volatility
Highs/Lows(14)
-43.6180
Sell
Ultimate Oscillator
27.001
Oversold
ROC
-2.852
Sell
Bull/Bear Power(13)
-80.3959
Sell
Buy: 0
Sell: 8
Neutral: 0


Summary:Strong Sell
Moving AveragesMay 04, 2022 09:20AM GMT
Period
Simple
Exponential
MA5
2174.87
Sell
2174.47
Sell
MA10
2195.26
Sell
2191.13
Sell
MA20
2222.21
Sell
2200.69
Sell
MA50
2187.30
Sell
2195.93
Sell
MA100
2172.27
Sell
2171.72
Sell
MA200
2129.28
Buy
2151.86
Buy
Buy: 2
Sell: 10


Summary:Strong Sell","Volume: 1,268,494
Bid/Ask: 2,155.70 / 2,156.75
Day's Range: 2,148.65 - 2,250.85"
2022-05-04 09:30:00.000058,"2,162.25 -68.25    -3.06%
05:29:34 - Real-time Data. Currency in INR ( Disclaimer )
Type:  Equity
Market:  India
ISIN:  INE030A01027
S/N:  HINDUNILVR","Summary:Strong Sell
Moving Averages:Strong SellBuy (2)Sell (10)
Technical Indicators:Strong SellBuy (0)Sell (8)
Pivot PointsMay 04, 2022 09:20AM GMT
Name
S3
S2
S1
Pivot Points
R1
R2
R3
Classic
2126.96
2143.53
2153.76
2170.33
2180.56
2197.13
2207.36
Fibonacci
2143.53
2153.77
2160.09
2170.33
2180.57
2186.89
2197.13
Camarilla
2156.63
2159.09
2161.54
2170.33
2166.46
2168.91
2171.37
Woodie's
2123.80
2141.95
2150.60
2168.75
2177.40
2195.55
2204.20
DeMark's
-
-
2148.65
2167.78
2175.45
-
-
Technical IndicatorsMay 04, 2022 09:20AM GMT
Name
Value
Action
RSI(14)
33.911
Sell
STOCH(9,6)
26.322
Sell
STOCHRSI(14)
0.000
Oversold
MACD(12,26)
-5.190
Sell
ADX(14)
40.299
Sell
Williams %R
-92.546
Oversold
CCI(14)
-150.9435
Sell
ATR(14)
19.0964
Less Volatility
Highs/Lows(14)
-43.6180
Sell
Ultimate Oscillator
27.001
Oversold
ROC
-2.852
Sell
Bull/Bear Power(13)
-80.3959
Sell
Buy: 0
Sell: 8
Neutral: 0


Summary:Strong Sell
Moving AveragesMay 04, 2022 09:20AM GMT
Period
Simple
Exponential
MA5
2174.87
Sell
2174.47
Sell
MA10
2195.26
Sell
2191.13
Sell
MA20
2222.21
Sell
2200.69
Sell
MA50
2187.30
Sell
2195.93
Sell
MA100
2172.27
Sell
2171.72
Sell
MA200
2129.28
Buy
2151.86
Buy
Buy: 2
Sell: 10


Summary:Strong Sell","Volume: 1,275,348
Bid/Ask: 2,161.85 / 2,162.25
Day's Range: 2,148.65 - 2,250.85"
2022-05-04 09:32:00.000051,"2,165.10 -65.40    -2.93%
05:31:40 - Real-time Data. Currency in INR ( Disclaimer )
Type:  Equity
Market:  India
ISIN:  INE030A01027
S/N:  HINDUNILVR","Summary:Strong Sell
Moving Averages:Strong SellBuy (2)Sell (10)
Technical Indicators:Strong SellBuy (0)Sell (9)
Pivot PointsMay 04, 2022 09:30AM GMT
Name
S3
S2
S1
Pivot Points
R1
R2
R3
Classic
2126.96
2143.53
2153.76
2170.33
2180.56
2197.13
2207.36
Fibonacci
2143.53
2153.77
2160.09
2170.33
2180.57
2186.89
2197.13
Camarilla
2156.63
2159.09
2161.54
2170.33
2166.46
2168.91
2171.37
Woodie's
2123.80
2141.95
2150.60
2168.75
2177.40
2195.55
2204.20
DeMark's
-
-
2148.65
2167.78
2175.45
-
-
Technical IndicatorsMay 04, 2022 09:30AM GMT
Name
Value
Action
RSI(14)
35.769
Sell
STOCH(9,6)
27.544
Sell
STOCHRSI(14)
1.660
Oversold
MACD(12,26)
-4.610
Sell
ADX(14)
40.299
Sell
Williams %R
-85.434
Oversold
CCI(14)
-145.4868
Sell
ATR(14)
19.0964
Less Volatility
Highs/Lows(14)
-36.3680
Sell
Ultimate Oscillator
30.557
Sell
ROC
-2.526
Sell
Bull/Bear Power(13)
-82.4679
Sell
Buy: 0
Sell: 9
Neutral: 0


Summary:Strong Sell
Moving AveragesMay 04, 2022 09:30AM GMT
Period
Simple
Exponential
MA5
2176.32
Sell
2176.88
Sell
MA10
2195.98
Sell
2192.45
Sell
MA20
2222.57
Sell
2201.38
Sell
MA50
2187.44
Sell
2196.21
Sell
MA100
2172.34
Sell
2171.87
Sell
MA200
2129.32
Buy
2151.93
Buy
Buy: 2
Sell: 10


Summary:Strong Sell","Volume: 1,296,698
Bid/Ask: 2,165.05 / 2,165.10
Day's Range: 2,148.65 - 2,250.85"
2022-05-04 09:34:00.000065,"2,163.75 -66.75    -2.99%
05:33:42 - Real-time Data. Currency in INR ( Disclaimer )
Type:  Equity
Market:  India
ISIN:  INE030A01027
S/N:  HINDUNILVR","Summary:Strong Sell
Moving Averages:Strong SellBuy (2)Sell (10)
Technical Indicators:Strong SellBuy (0)Sell (9)
Pivot PointsMay 04, 2022 09:30AM GMT
Name
S3
S2
S1
Pivot Points
R1
R2
R3
Classic
2126.96
2143.53
2153.76
2170.33
2180.56
2197.13
2207.36
Fibonacci
2143.53
2153.77
2160.09
2170.33
2180.57
2186.89
2197.13
Camarilla
2156.63
2159.09
2161.54
2170.33
2166.46
2168.91
2171.37
Woodie's
2123.80
2141.95
2150.60
2168.75
2177.40
2195.55
2204.20
DeMark's
-
-
2148.65
2167.78
2175.45
-
-
Technical IndicatorsMay 04, 2022 09:30AM GMT
Name
Value
Action
RSI(14)
35.769
Sell
STOCH(9,6)
27.544
Sell
STOCHRSI(14)
1.660
Oversold
MACD(12,26)
-4.610
Sell
ADX(14)
40.299
Sell
Williams %R
-85.434
Oversold
CCI(14)
-145.4868
Sell
ATR(14)
19.0964
Less Volatility
Highs/Lows(14)
-36.3680
Sell
Ultimate Oscillator
30.557
Sell
ROC
-2.526
Sell
Bull/Bear Power(13)
-82.4679
Sell
Buy: 0
Sell: 9
Neutral: 0


Summary:Strong Sell
Moving AveragesMay 04, 2022 09:30AM GMT
Period
Simple
Exponential
MA5
2176.32
Sell
2176.88
Sell
MA10
2195.98
Sell
2192.45
Sell
MA20
2222.57
Sell
2201.38
Sell
MA50
2187.44
Sell
2196.21
Sell
MA100
2172.34
Sell
2171.87
Sell
MA200
2129.32
Buy
2151.93
Buy
Buy: 2
Sell: 10


Summary:Strong Sell","Volume: 1,317,847
Bid/Ask: 2,162.95 / 2,163.70
Day's Range: 2,148.65 - 2,250.85"
2022-05-04 09:36:00.000057,"2,165.55 -64.95    -2.91%
05:35:33 - Real-time Data. Currency in INR ( Disclaimer )
Type:  Equity
Market:  India
ISIN:  INE030A01027
S/N:  HINDUNILVR","Summary:Strong Sell
Moving Averages:Strong SellBuy (2)Sell (10)
Technical Indicators:Strong SellBuy (0)Sell (9)
Pivot PointsMay 04, 2022 09:30AM GMT
Name
S3
S2
S1
Pivot Points
R1
R2
R3
Classic
2126.96
2143.53
2153.76
2170.33
2180.56
2197.13
2207.36
Fibonacci
2143.53
2153.77
2160.09
2170.33
2180.57
2186.89
2197.13
Camarilla
2156.63
2159.09
2161.54
2170.33
2166.46
2168.91
2171.37
Woodie's
2123.80
2141.95
2150.60
2168.75
2177.40
2195.55
2204.20
DeMark's
-
-
2148.65
2167.78
2175.45
-
-
Technical IndicatorsMay 04, 2022 09:30AM GMT
Name
Value
Action
RSI(14)
35.769
Sell
STOCH(9,6)
27.544
Sell
STOCHRSI(14)
1.660
Oversold
MACD(12,26)
-4.610
Sell
ADX(14)
40.299
Sell
Williams %R
-85.434
Oversold
CCI(14)
-145.4868
Sell
ATR(14)
19.0964
Less Volatility
Highs/Lows(14)
-36.3680
Sell
Ultimate Oscillator
30.557
Sell
ROC
-2.526
Sell
Bull/Bear Power(13)
-82.4679
Sell
Buy: 0
Sell: 9
Neutral: 0


Summary:Strong Sell
Moving AveragesMay 04, 2022 09:30AM GMT
Period
Simple
Exponential
MA5
2176.32
Sell
2176.88
Sell
MA10
2195.98
Sell
2192.45
Sell
MA20
2222.57
Sell
2201.38
Sell
MA50
2187.44
Sell
2196.21
Sell
MA100
2172.34
Sell
2171.87
Sell
MA200
2129.32
Buy
2151.93
Buy
Buy: 2
Sell: 10


Summary:Strong Sell","Volume: 1,339,121
Bid/Ask: 2,165.50 / 2,165.55
Day's Range: 2,148.65 - 2,250.85"
2022-05-04 09:38:00.000055,"2,170.50 -60.00    -2.69%
05:37:44 - Real-time Data. Currency in INR ( Disclaimer )
Type:  Equity
Market:  India
ISIN:  INE030A01027
S/N:  HINDUNILVR","Summary:Strong Sell
Moving Averages:Strong SellBuy (2)Sell (10)
Technical Indicators:Strong SellBuy (0)Sell (9)
Pivot PointsMay 04, 2022 09:30AM GMT
Name
S3
S2
S1
Pivot Points
R1
R2
R3
Classic
2126.96
2143.53
2153.76
2170.33
2180.56
2197.13
2207.36
Fibonacci
2143.53
2153.77
2160.09
2170.33
2180.57
2186.89
2197.13
Camarilla
2156.63
2159.09
2161.54
2170.33
2166.46
2168.91
2171.37
Woodie's
2123.80
2141.95
2150.60
2168.75
2177.40
2195.55
2204.20
DeMark's
-
-
2148.65
2167.78
2175.45
-
-
Technical IndicatorsMay 04, 2022 09:30AM GMT
Name
Value
Action
RSI(14)
35.769
Sell
STOCH(9,6)
27.544
Sell
STOCHRSI(14)
1.660
Oversold
MACD(12,26)
-4.610
Sell
ADX(14)
40.299
Sell
Williams %R
-85.434
Oversold
CCI(14)
-145.4868
Sell
ATR(14)
19.0964
Less Volatility
Highs/Lows(14)
-36.3680
Sell
Ultimate Oscillator
30.557
Sell
ROC
-2.526
Sell
Bull/Bear Power(13)
-82.4679
Sell
Buy: 0
Sell: 9
Neutral: 0


Summary:Strong Sell
Moving AveragesMay 04, 2022 09:30AM GMT
Period
Simple
Exponential
MA5
2176.32
Sell
2176.88
Sell
MA10
2195.98
Sell
2192.45
Sell
MA20
2222.57
Sell
2201.38
Sell
MA50
2187.44
Sell
2196.21
Sell
MA100
2172.34
Sell
2171.87
Sell
MA200
2129.32
Buy
2151.93
Buy
Buy: 2
Sell: 10


Summary:Strong Sell","Volume: 1,359,608
Bid/Ask: 2,170.50 / 2,170.60
Day's Range: 2,148.65 - 2,250.85"
2022-05-04 09:40:00.000079,"2,169.60 -60.90    -2.73%
05:39:38 - Real-time Data. Currency in INR ( Disclaimer )
Type:  Equity
Market:  India
ISIN:  INE030A01027
S/N:  HINDUNILVR","Summary:Strong Sell
Moving Averages:Strong SellBuy (2)Sell (10)
Technical Indicators:Strong SellBuy (0)Sell (9)
Pivot PointsMay 04, 2022 09:30AM GMT
Name
S3
S2
S1
Pivot Points
R1
R2
R3
Classic
2126.96
2143.53
2153.76
2170.33
2180.56
2197.13
2207.36
Fibonacci
2143.53
2153.77
2160.09
2170.33
2180.57
2186.89
2197.13
Camarilla
2156.63
2159.09
2161.54
2170.33
2166.46
2168.91
2171.37
Woodie's
2123.80
2141.95
2150.60
2168.75
2177.40
2195.55
2204.20
DeMark's
-
-
2148.65
2167.78
2175.45
-
-
Technical IndicatorsMay 04, 2022 09:30AM GMT
Name
Value
Action
RSI(14)
35.769
Sell
STOCH(9,6)
27.544
Sell
STOCHRSI(14)
1.660
Oversold
MACD(12,26)
-4.610
Sell
ADX(14)
40.299
Sell
Williams %R
-85.434
Oversold
CCI(14)
-145.4868
Sell
ATR(14)
19.0964
Less Volatility
Highs/Lows(14)
-36.3680
Sell
Ultimate Oscillator
30.557
Sell
ROC
-2.526
Sell
Bull/Bear Power(13)
-82.4679
Sell
Buy: 0
Sell: 9
Neutral: 0


Summary:Strong Sell
Moving AveragesMay 04, 2022 09:30AM GMT
Period
Simple
Exponential
MA5
2176.32
Sell
2176.88
Sell
MA10
2195.98
Sell
2192.45
Sell
MA20
2222.57
Sell
2201.38
Sell
MA50
2187.44
Sell
2196.21
Sell
MA100
2172.34
Sell
2171.87
Sell
MA200
2129.32
Buy
2151.93
Buy
Buy: 2
Sell: 10


Summary:Strong Sell","Volume: 1,378,432
Bid/Ask: 2,169.60 / 2,169.70
Day's Range: 2,148.65 - 2,250.85"
2022-05-04 09:42:00.000053,"2,173.00 -57.50    -2.58%
05:41:40 - Real-time Data. Currency in INR ( Disclaimer )
Type:  Equity
Market:  India
ISIN:  INE030A01027
S/N:  HINDUNILVR","Summary:Strong Sell
Moving Averages:Strong SellBuy (2)Sell (10)
Technical Indicators:Strong SellBuy (0)Sell (9)
Pivot PointsMay 04, 2022 09:40AM GMT
Name
S3
S2
S1
Pivot Points
R1
R2
R3
Classic
2126.96
2143.53
2153.76
2170.33
2180.56
2197.13
2207.36
Fibonacci
2143.53
2153.77
2160.09
2170.33
2180.57
2186.89
2197.13
Camarilla
2156.63
2159.09
2161.54
2170.33
2166.46
2168.91
2171.37
Woodie's
2123.80
2141.95
2150.60
2168.75
2177.40
2195.55
2204.20
DeMark's
-
-
2148.65
2167.78
2175.45
-
-
Technical IndicatorsMay 04, 2022 09:40AM GMT
Name
Value
Action
RSI(14)
37.563
Sell
STOCH(9,6)
28.260
Sell
STOCHRSI(14)
9.239
Oversold
MACD(12,26)
-4.270
Sell
ADX(14)
39.986
Sell
Williams %R
-81.265
Oversold
CCI(14)
-136.7899
Sell
ATR(14)
19.6035
Less Volatility
Highs/Lows(14)
-32.1180
Sell
Ultimate Oscillator
31.626
Sell
ROC
-2.335
Sell
Bull/Bear Power(13)
-76.5820
Sell
Buy: 0
Sell: 9
Neutral: 0


Summary:Strong Sell
Moving AveragesMay 04, 2022 09:40AM GMT
Period
Simple
Exponential
MA5
2177.17
Sell
2178.30
Sell
MA10
2196.41
Sell
2193.22
Sell
MA20
2222.78
Sell
2201.79
Sell
MA50
2187.53
Sell
2196.38
Sell
MA100
2172.38
Sell
2171.95
Sell
MA200
2129.34
Buy
2151.97
Buy
Buy: 2
Sell: 10


Summary:Strong Sell","Volume: 1,400,898
Bid/Ask: 2,173.00 / 2,173.10
Day's Range: 2,148.65 - 2,250.85"
2022-05-04 09:44:00.000053,"2,179.45 -51.05    -2.29%
05:43:40 - Real-time Data. Currency in INR ( Disclaimer )
Type:  Equity
Market:  India
ISIN:  INE030A01027
S/N:  HINDUNILVR","Summary:Strong Sell
Moving Averages:Strong SellBuy (2)Sell (10)
Technical Indicators:Strong SellBuy (0)Sell (9)
Pivot PointsMay 04, 2022 09:40AM GMT
Name
S3
S2
S1
Pivot Points
R1
R2
R3
Classic
2126.96
2143.53
2153.76
2170.33
2180.56
2197.13
2207.36
Fibonacci
2143.53
2153.77
2160.09
2170.33
2180.57
2186.89
2197.13
Camarilla
2156.63
2159.09
2161.54
2170.33
2166.46
2168.91
2171.37
Woodie's
2123.80
2141.95
2150.60
2168.75
2177.40
2195.55
2204.20
DeMark's
-
-
2148.65
2167.78
2175.45
-
-
Technical IndicatorsMay 04, 2022 09:40AM GMT
Name
Value
Action
RSI(14)
37.563
Sell
STOCH(9,6)
28.260
Sell
STOCHRSI(14)
9.239
Oversold
MACD(12,26)
-4.270
Sell
ADX(14)
39.986
Sell
Williams %R
-81.265
Oversold
CCI(14)
-136.7899
Sell
ATR(14)
19.6035
Less Volatility
Highs/Lows(14)
-32.1180
Sell
Ultimate Oscillator
31.626
Sell
ROC
-2.335
Sell
Bull/Bear Power(13)
-76.5820
Sell
Buy: 0
Sell: 9
Neutral: 0


Summary:Strong Sell
Moving AveragesMay 04, 2022 09:40AM GMT
Period
Simple
Exponential
MA5
2177.17
Sell
2178.30
Sell
MA10
2196.41
Sell
2193.22
Sell
MA20
2222.78
Sell
2201.79
Sell
MA50
2187.53
Sell
2196.38
Sell
MA100
2172.38
Sell
2171.95
Sell
MA200
2129.34
Buy
2151.97
Buy
Buy: 2
Sell: 10


Summary:Strong Sell","Volume: 1,421,272
Bid/Ask: 2,179.05 / 2,179.45
Day's Range: 2,148.65 - 2,250.85"
2022-05-04 09:46:00.000058,"2,175.05 -55.45    -2.49%
05:45:41 - Real-time Data. Currency in INR ( Disclaimer )
Type:  Equity
Market:  India
ISIN:  INE030A01027
S/N:  HINDUNILVR","Summary:Strong Sell
Moving Averages:Strong SellBuy (2)Sell (10)
Technical Indicators:Strong SellBuy (0)Sell (9)
Pivot PointsMay 04, 2022 09:40AM GMT
Name
S3
S2
S1
Pivot Points
R1
R2
R3
Classic
2126.96
2143.53
2153.76
2170.33
2180.56
2197.13
2207.36
Fibonacci
2143.53
2153.77
2160.09
2170.33
2180.57
2186.89
2197.13
Camarilla
2156.63
2159.09
2161.54
2170.33
2166.46
2168.91
2171.37
Woodie's
2123.80
2141.95
2150.60
2168.75
2177.40
2195.55
2204.20
DeMark's
-
-
2148.65
2167.78
2175.45
-
-
Technical IndicatorsMay 04, 2022 09:40AM GMT
Name
Value
Action
RSI(14)
37.563
Sell
STOCH(9,6)
28.260
Sell
STOCHRSI(14)
9.239
Oversold
MACD(12,26)
-4.270
Sell
ADX(14)
39.986
Sell
Williams %R
-81.265
Oversold
CCI(14)
-136.7899
Sell
ATR(14)
19.6035
Less Volatility
Highs/Lows(14)
-32.1180
Sell
Ultimate Oscillator
31.626
Sell
ROC
-2.335
Sell
Bull/Bear Power(13)
-76.5820
Sell
Buy: 0
Sell: 9
Neutral: 0


Summary:Strong Sell
Moving AveragesMay 04, 2022 09:40AM GMT
Period
Simple
Exponential
MA5
2177.17
Sell
2178.30
Sell
MA10
2196.41
Sell
2193.22
Sell
MA20
2222.78
Sell
2201.79
Sell
MA50
2187.53
Sell
2196.38
Sell
MA100
2172.38
Sell
2171.95
Sell
MA200
2129.34
Buy
2151.97
Buy
Buy: 2
Sell: 10


Summary:Strong Sell","Volume: 1,459,452
Bid/Ask: 2,174.65 / 2,174.90
Day's Range: 2,148.65 - 2,250.85"
2022-05-04 09:48:00.000053,"2,173.70 -56.80    -2.55%
05:47:35 - Real-time Data. Currency in INR ( Disclaimer )
Type:  Equity
Market:  India
ISIN:  INE030A01027
S/N:  HINDUNILVR","Summary:Strong Sell
Moving Averages:Strong SellBuy (2)Sell (10)
Technical Indicators:Strong SellBuy (0)Sell (9)
Pivot PointsMay 04, 2022 09:40AM GMT
Name
S3
S2
S1
Pivot Points
R1
R2
R3
Classic
2126.96
2143.53
2153.76
2170.33
2180.56
2197.13
2207.36
Fibonacci
2143.53
2153.77
2160.09
2170.33
2180.57
2186.89
2197.13
Camarilla
2156.63
2159.09
2161.54
2170.33
2166.46
2168.91
2171.37
Woodie's
2123.80
2141.95
2150.60
2168.75
2177.40
2195.55
2204.20
DeMark's
-
-
2148.65
2167.78
2175.45
-
-
Technical IndicatorsMay 04, 2022 09:40AM GMT
Name
Value
Action
RSI(14)
37.563
Sell
STOCH(9,6)
28.260
Sell
STOCHRSI(14)
9.239
Oversold
MACD(12,26)
-4.270
Sell
ADX(14)
39.986
Sell
Williams %R
-81.265
Oversold
CCI(14)
-136.7899
Sell
ATR(14)
19.6035
Less Volatility
Highs/Lows(14)
-32.1180
Sell
Ultimate Oscillator
31.626
Sell
ROC
-2.335
Sell
Bull/Bear Power(13)
-76.5820
Sell
Buy: 0
Sell: 9
Neutral: 0


Summary:Strong Sell
Moving AveragesMay 04, 2022 09:40AM GMT
Period
Simple
Exponential
MA5
2177.17
Sell
2178.30
Sell
MA10
2196.41
Sell
2193.22
Sell
MA20
2222.78
Sell
2201.79
Sell
MA50
2187.53
Sell
2196.38
Sell
MA100
2172.38
Sell
2171.95
Sell
MA200
2129.34
Buy
2151.97
Buy
Buy: 2
Sell: 10


Summary:Strong Sell","Volume: 1,479,590
Bid/Ask: 2,173.45 / 2,173.60
Day's Range: 2,148.65 - 2,250.85"
2022-05-04 09:50:00.000189,"2,170.65 -59.85    -2.68%
05:49:42 - Real-time Data. Currency in INR ( Disclaimer )
Type:  Equity
Market:  India
ISIN:  INE030A01027
S/N:  HINDUNILVR","Summary:Strong Sell
Moving Averages:Strong SellBuy (2)Sell (10)
Technical Indicators:Strong SellBuy (0)Sell (9)
Pivot PointsMay 04, 2022 09:40AM GMT
Name
S3
S2
S1
Pivot Points
R1
R2
R3
Classic
2126.96
2143.53
2153.76
2170.33
2180.56
2197.13
2207.36
Fibonacci
2143.53
2153.77
2160.09
2170.33
2180.57
2186.89
2197.13
Camarilla
2156.63
2159.09
2161.54
2170.33
2166.46
2168.91
2171.37
Woodie's
2123.80
2141.95
2150.60
2168.75
2177.40
2195.55
2204.20
DeMark's
-
-
2148.65
2167.78
2175.45
-
-
Technical IndicatorsMay 04, 2022 09:40AM GMT
Name
Value
Action
RSI(14)
37.563
Sell
STOCH(9,6)
28.260
Sell
STOCHRSI(14)
9.239
Oversold
MACD(12,26)
-4.270
Sell
ADX(14)
39.986
Sell
Williams %R
-81.265
Oversold
CCI(14)
-136.7899
Sell
ATR(14)
19.6035
Less Volatility
Highs/Lows(14)
-32.1180
Sell
Ultimate Oscillator
31.626
Sell
ROC
-2.335
Sell
Bull/Bear Power(13)
-76.5820
Sell
Buy: 0
Sell: 9
Neutral: 0


Summary:Strong Sell
Moving AveragesMay 04, 2022 09:40AM GMT
Period
Simple
Exponential
MA5
2177.17
Sell
2178.30
Sell
MA10
2196.41
Sell
2193.22
Sell
MA20
2222.78
Sell
2201.79
Sell
MA50
2187.53
Sell
2196.38
Sell
MA100
2172.38
Sell
2171.95
Sell
MA200
2129.34
Buy
2151.97
Buy
Buy: 2
Sell: 10


Summary:Strong Sell","Volume: 1,501,497
Bid/Ask: 2,170.15 / 2,170.65
Day's Range: 2,148.65 - 2,250.85"
2022-05-04 09:52:00.000052,"2,172.90 -57.60    -2.58%
05:51:42 - Real-time Data. Currency in INR ( Disclaimer )
Type:  Equity
Market:  India
ISIN:  INE030A01027
S/N:  HINDUNILVR","Summary:Strong Sell
Moving Averages:Strong SellBuy (2)Sell (10)
Technical Indicators:Strong SellBuy (0)Sell (9)
Pivot PointsMay 04, 2022 09:50AM GMT
Name
S3
S2
S1
Pivot Points
R1
R2
R3
Classic
2126.96
2143.53
2153.76
2170.33
2180.56
2197.13
2207.36
Fibonacci
2143.53
2153.77
2160.09
2170.33
2180.57
2186.89
2197.13
Camarilla
2156.63
2159.09
2161.54
2170.33
2166.46
2168.91
2171.37
Woodie's
2123.80
2141.95
2150.60
2168.75
2177.40
2195.55
2204.20
DeMark's
-
-
2148.65
2167.78
2175.45
-
-
Technical IndicatorsMay 04, 2022 09:50AM GMT
Name
Value
Action
RSI(14)
37.991
Sell
STOCH(9,6)
28.437
Sell
STOCHRSI(14)
11.047
Oversold
MACD(12,26)
-4.190
Sell
ADX(14)
39.783
Sell
Williams %R
-80.235
Oversold
CCI(14)
-129.5979
Sell
ATR(14)
20.1857
Less Volatility
Highs/Lows(14)
-31.0679
Sell
Ultimate Oscillator
31.020
Sell
ROC
-2.287
Sell
Bull/Bear Power(13)
-68.7319
Sell
Buy: 0
Sell: 9
Neutral: 0


Summary:Strong Sell
Moving AveragesMay 04, 2022 09:50AM GMT
Period
Simple
Exponential
MA5
2177.38
Sell
2178.65
Sell
MA10
2196.51
Sell
2193.42
Sell
MA20
2222.84
Sell
2201.89
Sell
MA50
2187.55
Sell
2196.42
Sell
MA100
2172.39
Sell
2171.97
Sell
MA200
2129.34
Buy
2151.98
Buy
Buy: 2
Sell: 10


Summary:Strong Sell","Volume: 1,522,166
Bid/Ask: 2,172.85 / 2,172.90
Day's Range: 2,148.65 - 2,250.85"
2022-05-04 09:54:00.000050,"2,170.00 -60.50    -2.71%
05:53:41 - Real-time Data. Currency in INR ( Disclaimer )
Type:  Equity
Market:  India
ISIN:  INE030A01027
S/N:  HINDUNILVR","Summary:Strong Sell
Moving Averages:Strong SellBuy (2)Sell (10)
Technical Indicators:Strong SellBuy (0)Sell (9)
Pivot PointsMay 04, 2022 09:50AM GMT
Name
S3
S2
S1
Pivot Points
R1
R2
R3
Classic
2126.96
2143.53
2153.76
2170.33
2180.56
2197.13
2207.36
Fibonacci
2143.53
2153.77
2160.09
2170.33
2180.57
2186.89
2197.13
Camarilla
2156.63
2159.09
2161.54
2170.33
2166.46
2168.91
2171.37
Woodie's
2123.80
2141.95
2150.60
2168.75
2177.40
2195.55
2204.20
DeMark's
-
-
2148.65
2167.78
2175.45
-
-
Technical IndicatorsMay 04, 2022 09:50AM GMT
Name
Value
Action
RSI(14)
37.991
Sell
STOCH(9,6)
28.437
Sell
STOCHRSI(14)
11.047
Oversold
MACD(12,26)
-4.190
Sell
ADX(14)
39.783
Sell
Williams %R
-80.235
Oversold
CCI(14)
-129.5979
Sell
ATR(14)
20.1857
Less Volatility
Highs/Lows(14)
-31.0679
Sell
Ultimate Oscillator
31.020
Sell
ROC
-2.287
Sell
Bull/Bear Power(13)
-68.7319
Sell
Buy: 0
Sell: 9
Neutral: 0


Summary:Strong Sell
Moving AveragesMay 04, 2022 09:50AM GMT
Period
Simple
Exponential
MA5
2177.38
Sell
2178.65
Sell
MA10
2196.51
Sell
2193.42
Sell
MA20
2222.84
Sell
2201.89
Sell
MA50
2187.55
Sell
2196.42
Sell
MA100
2172.39
Sell
2171.97
Sell
MA200
2129.34
Buy
2151.98
Buy
Buy: 2
Sell: 10


Summary:Strong Sell","Volume: 1,544,518
Bid/Ask: 2,169.95 / 2,170.00
Day's Range: 2,148.65 - 2,250.85"
2022-05-04 09:56:00.000051,"2,177.00 -53.50    -2.40%
05:55:41 - Real-time Data. Currency in INR ( Disclaimer )
Type:  Equity
Market:  India
ISIN:  INE030A01027
S/N:  HINDUNILVR","Summary:Strong Sell
Moving Averages:Strong SellBuy (2)Sell (10)
Technical Indicators:Strong SellBuy (0)Sell (9)
Pivot PointsMay 04, 2022 09:50AM GMT
Name
S3
S2
S1
Pivot Points
R1
R2
R3
Classic
2126.96
2143.53
2153.76
2170.33
2180.56
2197.13
2207.36
Fibonacci
2143.53
2153.77
2160.09
2170.33
2180.57
2186.89
2197.13
Camarilla
2156.63
2159.09
2161.54
2170.33
2166.46
2168.91
2171.37
Woodie's
2123.80
2141.95
2150.60
2168.75
2177.40
2195.55
2204.20
DeMark's
-
-
2148.65
2167.78
2175.45
-
-
Technical IndicatorsMay 04, 2022 09:50AM GMT
Name
Value
Action
RSI(14)
37.991
Sell
STOCH(9,6)
28.437
Sell
STOCHRSI(14)
11.047
Oversold
MACD(12,26)
-4.190
Sell
ADX(14)
39.783
Sell
Williams %R
-80.235
Oversold
CCI(14)
-129.5979
Sell
ATR(14)
20.1857
Less Volatility
Highs/Lows(14)
-31.0679
Sell
Ultimate Oscillator
31.020
Sell
ROC
-2.287
Sell
Bull/Bear Power(13)
-68.7319
Sell
Buy: 0
Sell: 9
Neutral: 0


Summary:Strong Sell
Moving AveragesMay 04, 2022 09:50AM GMT
Period
Simple
Exponential
MA5
2177.38
Sell
2178.65
Sell
MA10
2196.51
Sell
2193.42
Sell
MA20
2222.84
Sell
2201.89
Sell
MA50
2187.55
Sell
2196.42
Sell
MA100
2172.39
Sell
2171.97
Sell
MA200
2129.34
Buy
2151.98
Buy
Buy: 2
Sell: 10


Summary:Strong Sell","Volume: 1,566,266
Bid/Ask: 2,176.40 / 2,177.00
Day's Range: 2,148.65 - 2,250.85"
2022-05-04 09:58:00.000056,"2,176.90 -53.60    -2.40%
05:57:42 - Real-time Data. Currency in INR ( Disclaimer )
Type:  Equity
Market:  India
ISIN:  INE030A01027
S/N:  HINDUNILVR","Summary:Strong Sell
Moving Averages:Strong SellBuy (2)Sell (10)
Technical Indicators:Strong SellBuy (0)Sell (9)
Pivot PointsMay 04, 2022 09:50AM GMT
Name
S3
S2
S1
Pivot Points
R1
R2
R3
Classic
2126.96
2143.53
2153.76
2170.33
2180.56
2197.13
2207.36
Fibonacci
2143.53
2153.77
2160.09
2170.33
2180.57
2186.89
2197.13
Camarilla
2156.63
2159.09
2161.54
2170.33
2166.46
2168.91
2171.37
Woodie's
2123.80
2141.95
2150.60
2168.75
2177.40
2195.55
2204.20
DeMark's
-
-
2148.65
2167.78
2175.45
-
-
Technical IndicatorsMay 04, 2022 09:50AM GMT
Name
Value
Action
RSI(14)
37.991
Sell
STOCH(9,6)
28.437
Sell
STOCHRSI(14)
11.047
Oversold
MACD(12,26)
-4.190
Sell
ADX(14)
39.783
Sell
Williams %R
-80.235
Oversold
CCI(14)
-129.5979
Sell
ATR(14)
20.1857
Less Volatility
Highs/Lows(14)
-31.0679
Sell
Ultimate Oscillator
31.020
Sell
ROC
-2.287
Sell
Bull/Bear Power(13)
-68.7319
Sell
Buy: 0
Sell: 9
Neutral: 0


Summary:Strong Sell
Moving AveragesMay 04, 2022 09:50AM GMT
Period
Simple
Exponential
MA5
2177.38
Sell
2178.65
Sell
MA10
2196.51
Sell
2193.42
Sell
MA20
2222.84
Sell
2201.89
Sell
MA50
2187.55
Sell
2196.42
Sell
MA100
2172.39
Sell
2171.97
Sell
MA200
2129.34
Buy
2151.98
Buy
Buy: 2
Sell: 10


Summary:Strong Sell","Volume: 1,590,239
Bid/Ask: 2,176.85 / 2,176.90
Day's Range: 2,148.65 - 2,250.85"
2022-05-04 10:00:00.000052,"2,171.95 -58.55    -2.62%
05:59:41 - Real-time Data. Currency in INR ( Disclaimer )
Type:  Equity
Market:  India
ISIN:  INE030A01027
S/N:  HINDUNILVR","Summary:Strong Sell
Moving Averages:Strong SellBuy (2)Sell (10)
Technical Indicators:Strong SellBuy (0)Sell (9)
Pivot PointsMay 04, 2022 09:50AM GMT
Name
S3
S2
S1
Pivot Points
R1
R2
R3
Classic
2126.96
2143.53
2153.76
2170.33
2180.56
2197.13
2207.36
Fibonacci
2143.53
2153.77
2160.09
2170.33
2180.57
2186.89
2197.13
Camarilla
2156.63
2159.09
2161.54
2170.33
2166.46
2168.91
2171.37
Woodie's
2123.80
2141.95
2150.60
2168.75
2177.40
2195.55
2204.20
DeMark's
-
-
2148.65
2167.78
2175.45
-
-
Technical IndicatorsMay 04, 2022 09:50AM GMT
Name
Value
Action
RSI(14)
37.991
Sell
STOCH(9,6)
28.437
Sell
STOCHRSI(14)
11.047
Oversold
MACD(12,26)
-4.190
Sell
ADX(14)
39.783
Sell
Williams %R
-80.235
Oversold
CCI(14)
-129.5979
Sell
ATR(14)
20.1857
Less Volatility
Highs/Lows(14)
-31.0679
Sell
Ultimate Oscillator
31.020
Sell
ROC
-2.287
Sell
Bull/Bear Power(13)
-68.7319
Sell
Buy: 0
Sell: 9
Neutral: 0


Summary:Strong Sell
Moving AveragesMay 04, 2022 09:50AM GMT
Period
Simple
Exponential
MA5
2177.38
Sell
2178.65
Sell
MA10
2196.51
Sell
2193.42
Sell
MA20
2222.84
Sell
2201.89
Sell
MA50
2187.55
Sell
2196.42
Sell
MA100
2172.39
Sell
2171.97
Sell
MA200
2129.34
Buy
2151.98
Buy
Buy: 2
Sell: 10


Summary:Strong Sell","Volume: 1,607,554
Bid/Ask: 2,171.55 / 2,173.95
Day's Range: 2,148.65 - 2,250.85"
2022-05-04 10:02:00.000051,"2,174.00 -56.50    -2.53%
05:59:58 - Closed. Currency in INR ( Disclaimer )
Type:  Equity
Market:  India
ISIN:  INE030A01027
S/N:  HINDUNILVR","Summary:Strong Sell
Moving Averages:SellBuy (4)Sell (8)
Technical Indicators:Strong SellBuy (0)Sell (10)
Pivot PointsMay 04, 2022 10:00AM GMT
Name
S3
S2
S1
Pivot Points
R1
R2
R3
Classic
2126.96
2143.53
2153.76
2170.33
2180.56
2197.13
2207.36
Fibonacci
2143.53
2153.77
2160.09
2170.33
2180.57
2186.89
2197.13
Camarilla
2156.63
2159.09
2161.54
2170.33
2166.46
2168.91
2171.37
Woodie's
2123.80
2141.95
2150.60
2168.75
2177.40
2195.55
2204.20
DeMark's
-
-
2148.65
2167.78
2175.45
-
-
Technical IndicatorsMay 04, 2022 10:00AM GMT
Name
Value
Action
RSI(14)
39.491
Sell
STOCH(9,6)
29.078
Sell
STOCHRSI(14)
17.383
Oversold
MACD(12,26)
-3.880
Sell
ADX(14)
39.783
Sell
Williams %R
-76.508
Sell
CCI(14)
-126.5894
Sell
ATR(14)
20.1857
Less Volatility
Highs/Lows(14)
-27.2679
Sell
Ultimate Oscillator
32.741
Sell
ROC
-2.116
Sell
Bull/Bear Power(13)
-69.8179
Sell
Buy: 0
Sell: 10
Neutral: 0


Summary:Strong Sell
Moving AveragesMay 04, 2022 10:00AM GMT
Period
Simple
Exponential
MA5
2178.14
Sell
2179.92
Sell
MA10
2196.89
Sell
2194.11
Sell
MA20
2223.03
Sell
2202.25
Sell
MA50
2187.63
Sell
2196.57
Sell
MA100
2172.43
Buy
2172.05
Buy
MA200
2129.36
Buy
2152.02
Buy
Buy: 4
Sell: 8


Summary:Sell","Volume: 1,607,900
Bid/Ask: 2,171.50 / 2,173.80
Day's Range: 2,148.65 - 2,250.85"
2022-05-04 10:04:00.000054,"2,171.55 -58.95    -2.64%
06:01:22 - Closed. Currency in INR ( Disclaimer )
Type:  Equity
Market:  India
ISIN:  INE030A01027
S/N:  HINDUNILVR","Summary:Strong Sell
Moving Averages:SellBuy (4)Sell (8)
Technical Indicators:Strong SellBuy (0)Sell (10)
Pivot PointsMay 04, 2022 10:00AM GMT
Name
S3
S2
S1
Pivot Points
R1
R2
R3
Classic
2126.96
2143.53
2153.76
2170.33
2180.56
2197.13
2207.36
Fibonacci
2143.53
2153.77
2160.09
2170.33
2180.57
2186.89
2197.13
Camarilla
2156.63
2159.09
2161.54
2170.33
2166.46
2168.91
2171.37
Woodie's
2123.80
2141.95
2150.60
2168.75
2177.40
2195.55
2204.20
DeMark's
-
-
2148.65
2167.78
2175.45
-
-
Technical IndicatorsMay 04, 2022 10:00AM GMT
Name
Value
Action
RSI(14)
39.491
Sell
STOCH(9,6)
29.078
Sell
STOCHRSI(14)
17.383
Oversold
MACD(12,26)
-3.880
Sell
ADX(14)
39.783
Sell
Williams %R
-76.508
Sell
CCI(14)
-126.5894
Sell
ATR(14)
20.1857
Less Volatility
Highs/Lows(14)
-27.2679
Sell
Ultimate Oscillator
32.741
Sell
ROC
-2.116
Sell
Bull/Bear Power(13)
-69.8179
Sell
Buy: 0
Sell: 10
Neutral: 0


Summary:Strong Sell
Moving AveragesMay 04, 2022 10:00AM GMT
Period
Simple
Exponential
MA5
2178.14
Sell
2179.92
Sell
MA10
2196.89
Sell
2194.11
Sell
MA20
2223.03
Sell
2202.25
Sell
MA50
2187.63
Sell
2196.57
Sell
MA100
2172.43
Buy
2172.05
Buy
MA200
2129.36
Buy
2152.02
Buy
Buy: 4
Sell: 8


Summary:Sell","Volume: 1,607,940
Bid/Ask: 0.00 / 0.00
Day's Range: 2,148.65 - 2,250.85"
2022-05-04 10:06:00.000149,"2,171.55 -58.95    -2.64%
06:01:22 - Closed. Currency in INR ( Disclaimer )
Type:  Equity
Market:  India
ISIN:  INE030A01027
S/N:  HINDUNILVR","Summary:Strong Sell
Moving Averages:SellBuy (4)Sell (8)
Technical Indicators:Strong SellBuy (0)Sell (10)
Pivot PointsMay 04, 2022 10:00AM GMT
Name
S3
S2
S1
Pivot Points
R1
R2
R3
Classic
2126.96
2143.53
2153.76
2170.33
2180.56
2197.13
2207.36
Fibonacci
2143.53
2153.77
2160.09
2170.33
2180.57
2186.89
2197.13
Camarilla
2156.63
2159.09
2161.54
2170.33
2166.46
2168.91
2171.37
Woodie's
2123.80
2141.95
2150.60
2168.75
2177.40
2195.55
2204.20
DeMark's
-
-
2148.65
2167.78
2175.45
-
-
Technical IndicatorsMay 04, 2022 10:00AM GMT
Name
Value
Action
RSI(14)
39.491
Sell
STOCH(9,6)
29.078
Sell
STOCHRSI(14)
17.383
Oversold
MACD(12,26)
-3.880
Sell
ADX(14)
39.783
Sell
Williams %R
-76.508
Sell
CCI(14)
-126.5894
Sell
ATR(14)
20.1857
Less Volatility
Highs/Lows(14)
-27.2679
Sell
Ultimate Oscillator
32.741
Sell
ROC
-2.116
Sell
Bull/Bear Power(13)
-69.8179
Sell
Buy: 0
Sell: 10
Neutral: 0


Summary:Strong Sell
Moving AveragesMay 04, 2022 10:00AM GMT
Period
Simple
Exponential
MA5
2178.14
Sell
2179.92
Sell
MA10
2196.89
Sell
2194.11
Sell
MA20
2223.03
Sell
2202.25
Sell
MA50
2187.63
Sell
2196.57
Sell
MA100
2172.43
Buy
2172.05
Buy
MA200
2129.36
Buy
2152.02
Buy
Buy: 4
Sell: 8


Summary:Sell","Volume: 1,607,940
Bid/Ask: 0.00 / 0.00
Day's Range: 2,148.65 - 2,250.85"
